-7.53385035892748
-6.66808054916511
-6.24891032251077
-5.97535628483918
-5.77485578940184
-5.61838021607117
-5.49138209902925
-5.38553595542666
-5.29563601534457
-5.21821383145466
-5.15084541246758
-5.09177255157532
-5.03968160537679
-4.99356721782329
-4.95264466383431
-4.91629140572374
-4.88400693040012
-4.85538442928025
-4.83009038307787
-4.80784956295597
-4.7884338301199
-4.77165365544756
-4.75735162446236
-4.74539741739395
-4.73568390393341
-4.72812409441589
-4.72364542618518
-4.71923396090115
-4.71786482101953
-4.71851129893126
-4.72115616136935
-4.72579449510321
-4.73646211029093
-4.74400516118422
-4.75536674216515
-4.76892928052324
-4.78477091121507
-4.80298710502501
-4.82369253429255
-4.84702341124762
-4.87314038722111
-4.90223212447477
-4.93451967989775
-4.97026187075693
-5.00976182445922
-5.05337493985452
-5.10151849047649
-5.15468304380246
-5.21440152862994
-5.27932690279135
-5.35149882616051
-5.43177482172044
-5.52109627684563
-5.6205653034065
-5.73121644868854
-5.85370035505523
-5.98760425367255
-6.13072043628176
-6.2784046470693
-6.42787958217049
-6.60070702728252
-6.91352706919598
-8.86924547186813
-6.6335884588791
-5.76776523948826
-5.34856080295603
-5.07500212968853
-4.87453130653247
-4.71812268870492
-4.5912310196634
-4.4855326420112
-4.396682115736
-4.32033954090724
-4.2495157670038
-4.19162365063379
-4.1406796945071
-4.09567850901231
-4.05583518997363
-4.02052686130045
-3.98570837129808
-3.95820724548511
-3.93399528997564
-3.91279598850854
-3.89437958507632
-3.87855454159381
-3.86516096721006
-3.85406550588412
-3.8451573178118
-3.84067124629656
-3.83575953809666
-3.83286311388642
-3.83400111118382
-3.83566677971972
-3.83981410373523
-3.84602878699696
-3.85433060266684
-3.86465375649842
-3.87718873889266
-3.89192905039381
-3.90894315160276
-3.92831363961208
-3.95013811389833
-3.9745301661802
-4.00162044741638
-4.0315577317602
-4.06450984239802
-4.10137100453245
-4.14087766255905
-4.18416064626285
-4.2313833988515
-4.28273933203832
-4.33846044876836
-4.3987420072755
-4.46370084105459
-4.53331191893803
-4.60731978770974
-4.68509909810713
-4.76574387683194
-4.84785274035447
-4.93028876184918
-5.01336450697089
-5.10231844923263
-5.21216687664309
-5.38221745327671
-5.73245122504184
-7.76430052721868
-6.18997682587946
-5.32451964601977
-4.90565819475308
-4.63243001879424
-4.43228178657905
-4.27619052878621
-4.14961279603068
-4.04422626523081
-3.95482783659129
-3.87795144150362
-3.81117529422567
-3.7532839925086
-3.7004924394907
-3.65622198669597
-3.61473042867266
-3.58015615239017
-3.54900480393871
-3.52137035489197
-3.49712849556167
-3.4760054191871
-3.45777458424313
-3.44224824843024
-3.42927098956887
-3.41871470402746
-3.41047472345635
-3.40446679316548
-3.40107332268216
-3.39932918785262
-3.39925254473024
-3.40166422166124
-3.40612405079208
-3.41263506697741
-3.42121278612865
-3.43188541173882
-3.44434584164696
-3.45916842455773
-3.47617985603773
-3.49544061562478
-3.51702073659014
-3.54099935131997
-3.56806541939942
-3.59707144144896
-3.62878846132436
-3.66342748408941
-3.70095961500469
-3.7414661927905
-3.78500229261247
-3.83157932814792
-3.88114161167747
-3.93353680213048
-3.9884829161164
-4.04551006438513
-4.104099236081
-4.16349901653738
-4.22324283169892
-4.28279291560332
-4.34381200323789
-4.40998918281862
-4.48963119207615
-4.60044585050125
-4.78121953702242
-5.15002005267231
-7.202676116854
-5.89761572174175
-5.0324287032697
-4.61380953654412
-4.34080648156147
-4.14087075652231
-3.98498197229276
-3.85859835655159
-3.75339876595001
-3.66418097190263
-3.58747956780338
-3.5208732772772
-3.46261760867919
-3.41172469345307
-3.36623115686778
-3.32593765449023
-3.29085164704186
-3.25964469002193
-3.2321601729924
-3.2080646603256
-3.18708309641738
-3.1689876069048
-3.15358901913104
-3.14073036820357
-3.1302818797901
-3.12213707126701
-3.11620971592886
-3.11237217940858
-3.11085146171775
-3.11112707982818
-3.11353611909135
-3.11796345278728
-3.12440749153549
-3.13287887303345
-3.14270217106285
-3.15540139015856
-3.16982994488579
-3.1863294621843
-3.20493566196489
-3.22568855828082
-3.24913158163497
-3.27427929582171
-3.30179851049467
-3.33169149380937
-3.36392949771315
-3.39851029418876
-3.43539938004486
-3.47451717710391
-3.51572429131064
-3.55880663792923
-3.60342954442405
-3.64929555897914
-3.69591069084699
-3.74284712669996
-3.78992945494238
-3.83707334338133
-3.8857551740107
-3.93798556596842
-3.99911536215661
-4.07853887771395
-4.19357704426779
-4.38276031227707
-4.76338841469904
-6.84745408457671
-5.68123235821264
-4.81626340622384
-4.39783125981486
-4.12499501053521
-3.92521040954253
-3.76945958455069
-3.64320235254503
-3.53811864585599
-3.44900699029775
-3.37240251336673
-3.30588430986432
-3.24771865986448
-3.19653510563393
-3.15113755874029
-3.11146665339292
-3.07618171063934
-3.04502125451061
-3.01757688925069
-2.99351351707402
-2.97255433295526
-2.95446961502399
-2.93906823360977
-2.92619114612923
-2.91570637023401
-2.90750507878124
-2.90149856431059
-2.89761589470374
-2.89593098810854
-2.896015849079
-2.89822677902188
-2.90241664627723
-2.90857925874831
-2.9161259421781
-2.92629408730407
-2.93811297020151
-2.95187240350736
-2.96756958020321
-2.98521569102889
-3.00526552332523
-3.02681959715856
-3.05043057679778
-3.07607420977534
-3.10367911133271
-3.13320083550661
-3.16456531712703
-3.19766052266313
-3.23232822578972
-3.2683578752405
-3.30545757943781
-3.34339223545637
-3.3817997185783
-3.42040760199064
-3.45918047348753
-3.49822795907413
-3.53809636532791
-3.58094736795219
-3.62969765886948
-3.6899265958115
-3.77099031198093
-3.89026279384427
-4.08592677211993
-4.47384036593747
-6.55179194062452
-5.5122748183331
-4.64744501533902
-4.22911958281035
-3.95636841746153
-3.75521314334977
-3.59955860678166
-3.47338376332343
-3.36836953248155
-3.27931509666637
-3.20275601193231
-3.1362716318379
-3.07814450906906
-3.02696173613811
-2.98216669662183
-2.94187383033039
-2.90656989052876
-2.87538358221689
-2.84790455250227
-2.82379565497869
-2.80277793627339
-2.78461941788942
-2.76912659738119
-2.75613793749512
-2.74551883783182
-2.73715773578861
-2.73096308926025
-2.72686106996859
-2.7246079805315
-2.72471737840144
-2.72659755084639
-2.73041178311108
-2.73614976482416
-2.74330995114994
-2.7526760052204
-2.76374075136167
-2.77665679866524
-2.79137186027514
-2.80828079592018
-2.82653960284168
-2.84658466425877
-2.86845314709119
-2.8920154640678
-2.91720675339516
-2.94393741758293
-2.97208788842916
-3.00150432376295
-3.03199687226734
-3.06331748266087
-3.09528603299935
-3.12762643491669
-3.16015035582662
-3.19289885667627
-3.22572984921991
-3.25951187400344
-3.29542247619307
-3.33531301669231
-3.38274143077392
-3.44353697508552
-3.52684238092489
-3.64947701087251
-3.84972821144006
-4.24584244652675
-6.34647023277458
-5.37274225669128
-4.50781099108281
-4.08937706625002
-3.81659130450445
-3.61696776474084
-3.46134603805213
-3.3340700673979
-3.22909257760207
-3.14006070888208
-3.06351034747551
-2.99702100215588
-2.93889867278276
-2.88766980680492
-2.84245250808038
-2.80246352714831
-2.76708815461432
-2.73582231122501
-2.70825338353123
-2.68404185811087
-2.66290630169221
-2.64461213722744
-2.62896314137074
-2.61579493404939
-2.60496995771796
-2.59637359755153
-2.58991120174045
-2.585505840709
-2.58302717344483
-2.58263733553326
-2.58409049998272
-2.58742968808201
-2.59218193607379
-2.59916292196815
-2.60773888694981
-2.618041577995
-2.6299246106162
-2.64354525425213
-2.65916135520783
-2.67599198842356
-2.69445688085043
-2.71446089615261
-2.73589829093612
-2.75867514426596
-2.78267440932584
-2.80775378697984
-2.83374598866969
-2.86043876104029
-2.88769368771608
-2.91529021248181
-2.943086506899
-2.97117930072958
-2.99928351303966
-3.02805737335335
-3.05842313134106
-3.09191830332678
-3.13040422887323
-3.17770426090219
-3.23940369873223
-3.3245017501645
-3.45079663688375
-3.65543525935616
-4.05426578454138
-6.19682080374069
-5.25543863401502
-4.3905649465434
-3.97215954537292
-3.69931356232886
-3.49949546924843
-3.34369446766786
-3.21757224574969
-3.11258016980848
-3.02262609812842
-2.94605712238975
-2.87953379273788
-2.82139463867022
-2.77008295334995
-2.72477343677813
-2.68468118299055
-2.64919299021737
-2.61780555531716
-2.5901037591629
-2.56574545902975
-2.54444646413268
-2.52596930875726
-2.51011475026213
-2.49671526529439
-2.4856300457083
-2.47674115120231
-2.4699505863557
-2.46517815351243
-2.46236000243762
-2.46144741745652
-2.46240104230706
-2.46519100934267
-2.46939138986333
-2.47555587848524
-2.483326293652
-2.49272156508647
-2.50357164186773
-2.51603096097918
-2.53030668474682
-2.54566290792638
-2.56249525054597
-2.58062800808033
-2.59996791494881
-2.62040400327141
-2.64180662919169
-2.66402851882972
-2.68690916311126
-2.71026822330147
-2.73399411922822
-2.75794791801534
-2.78195494334463
-2.80654268301185
-2.83161194621662
-2.857551882741
-2.88583445659023
-2.91768894598381
-2.95557764820108
-3.00305092654392
-3.06628872344144
-3.15350965259239
-3.28189378123567
-3.49074944363499
-3.89437354303947
-6.02364806483962
-5.15476488276171
-4.28992838735864
-3.87153042517322
-3.59867309520524
-3.39882925369286
-3.24298979828384
-3.11661942908509
-3.01146703622026
-2.92238699932208
-2.84500935494555
-2.77842966722621
-2.72026121413738
-2.66883683323257
-2.62340439857026
-2.58338031053384
-2.54754244541315
-2.51599913303942
-2.48812974622348
-2.46358930261737
-2.44209062554865
-2.42339311671491
-2.40729425853869
-2.3936231227156
-2.38223539113236
-2.37300955307201
-2.36584405656935
-2.36065528040758
-2.35737626995795
-2.35595608609262
-2.35635436619728
-2.35853865866692
-2.36209340471126
-2.36743661676235
-2.37435053098913
-2.3827908122202
-2.39256644842169
-2.40415178731616
-2.41674859522014
-2.43063833862123
-2.4458160815008
-2.46211419063965
-2.47942850705571
-2.49764099080732
-2.51662096596367
-2.53622895798963
-2.55630708378542
-2.57676800395527
-2.59748882983313
-2.61834286531699
-2.63972226768184
-2.66131590717128
-2.68368993526231
-2.7078917589464
-2.73457993926234
-2.76589160860337
-2.80370476681901
-2.85207642627137
-2.91609896259803
-3.00543724915399
-3.13695957567879
-3.34764805510792
-3.75434101711826
-5.88915598888281
-5.06709434286286
-4.20227812409281
-3.78387011974269
-3.51098344617016
-3.31109534286446
-3.15519895866116
-3.02876025259585
-2.92346252941979
-2.83411074683494
-2.75742783695429
-2.69046870803761
-2.63191833908875
-2.58035626538228
-2.53477532079157
-2.49445933731779
-2.45857756011192
-2.4268495307849
-2.39878365088175
-2.37403193956949
-2.35230405465171
-2.33335606672296
-2.31698196895345
-2.30300720268043
-2.29128371032914
-2.28168618744232
-2.27410932325505
-2.26846591336587
-2.2646858129007
-2.26271576131199
-2.2625153839844
-2.26405069448897
-2.26687715272378
-2.27141663521288
-2.27744155717658
-2.28489935639418
-2.29358080596563
-2.30393963008158
-2.31520526893032
-2.3276350985753
-2.34119592452131
-2.35572420284734
-2.37111178296774
-2.38724137282728
-2.40398971290356
-2.4212336211793
-2.43884774854551
-2.45677382577701
-2.47489866089413
-2.49353666998832
-2.51229612670456
-2.53194077891081
-2.55257292714479
-2.57531753395071
-2.60120919730513
-2.63192507095352
-2.6699992505228
-2.71902464365326
-2.78434063056747
-2.87553142154903
-3.00911671522306
-3.22283475119021
-3.63268305116563
-5.7688285112082
-4.98988864775
-4.12507837989428
-3.70664554517478
-3.43371432142286
-3.23376633015148
-3.07779695635195
-2.95127339669873
-2.84587962835319
-2.75641605216949
-2.67941809576861
-2.6125621154671
-2.55386300897623
-2.50214186331681
-2.45639061772808
-2.41582082350396
-2.37981130397697
-2.34787366426544
-2.31958663063787
-2.29459911758533
-2.27261748810671
-2.25339433037634
-2.23630600505555
-2.22201360261124
-2.20993928801365
-2.19995374475721
-2.19231769059062
-2.18619009644048
-2.1818779499434
-2.17937883546042
-2.17849291727515
-2.17902184393247
-2.18142726925484
-2.18514042343321
-2.19025806610068
-2.19672115566758
-2.20447320980496
-2.21344746537534
-2.22340138913396
-2.23439929339872
-2.24639972966459
-2.25924070937178
-2.27281556012566
-2.28701355574265
-2.30172463129422
-2.31683331011791
-2.33229005682198
-2.348029120877
-2.36392626458508
-2.38053551020606
-2.39745314768525
-2.41536009963823
-2.43478689687456
-2.45665741601366
-2.48197279323517
-2.51260354630387
-2.55094041325038
-2.60095571108087
-2.66759398135049
-2.76026454836797
-2.89609157062352
-3.11172199567105
-3.52504469880845
-5.66169254562572
-4.92130361271025
-4.05648696653048
-3.6380165928191
-3.36502776976181
-3.16500649942682
-3.00895038961477
-2.8823278562074
-2.77682352773011
-2.68723808864612
-2.61010698526813
-2.54314513375471
-2.48427888747566
-2.43238006066465
-2.38643964230325
-2.34566810334822
-2.30943994623025
-2.27727073134302
-2.24874104384766
-2.22349664194489
-2.20124051753177
-2.18133592794005
-2.1643508334596
-2.14970693241494
-2.13724811121884
-2.1268408763819
-2.11837180327866
-2.11207691305963
-2.10720945490796
-2.10405028717919
-2.10255988154797
-2.10240405345935
-2.1040339865429
-2.10690861167001
-2.11111179613869
-2.11657968098459
-2.12325274045654
-2.13102334989436
-2.1396982282544
-2.14930725030607
-2.15981606875475
-2.17106264267936
-2.18294592675847
-2.1953658545118
-2.20822919049861
-2.22144781669236
-2.23495983370847
-2.24875046264588
-2.26318748562249
-2.27783102380969
-2.29327491026129
-2.31000611714568
-2.32833195718454
-2.34942424083799
-2.37466789520487
-2.40542123928954
-2.444606407322
-2.49504520891197
-2.5630553594304
-2.65718184607526
-2.79429787329453
-3.01265901461618
-3.429892162071
-5.56631537985664
-4.85995881816721
-3.99512504436108
-3.57660607179845
-3.30354831336005
-3.10344214991341
-2.94728740007694
-2.82055368286514
-2.71492626027037
-2.6252060817307
-2.54792859354525
-2.4808578954651
-2.42180817341194
-2.36971523483092
-2.32356907409524
-2.28257903886642
-2.24611601503809
-2.21369547654833
-2.1849040260286
-2.15938427031122
-2.13683580982388
-2.11665240472582
-2.0993282590001
-2.08431679849609
-2.07145767792228
-2.06061307480977
-2.0516652485886
-2.04482129656077
-2.03938181969564
-2.03559855684881
-2.03343165169528
-2.03285240506383
-2.03342602226134
-2.03545824925147
-2.03874856608759
-2.04322980907592
-2.04884127087089
-2.05521858588705
-2.06287863288073
-2.07115219510148
-2.08024563324511
-2.08999589092642
-2.10031055079191
-2.11110289027993
-2.12229850004617
-2.13383666953797
-2.1456666362201
-2.15810007273563
-2.17073054806521
-2.18401265175648
-2.1981190122478
-2.2140633903349
-2.23186240865934
-2.25249068322333
-2.27752226292464
-2.308527168644
-2.34816887288647
-2.39985710149003
-2.46897391498647
-2.56432237704445
-2.70286202115019
-2.92351993541302
-3.3433484238668
-5.53058488162212
-4.80479556487395
-3.93993519181695
-3.52135789648202
-3.24822125685064
-3.04802003058614
-2.89175623630516
-2.76490068211674
-2.65913924830315
-2.56927313399695
-2.49175841873428
-2.42425575191241
-2.36541102242219
-2.31310929798746
-2.26674268394228
-2.22551937324674
-2.18888630443388
-2.15611853451116
-2.12704804257156
-2.10123647710841
-2.07805088857643
-2.05789855381505
-2.04022172751328
-2.0247939534002
-2.01150422668005
-2.00022644318742
-1.99082722313629
-1.9831420459725
-1.97740413466809
-1.97298550671753
-1.97012966848076
-1.96881259963838
-1.96863504853884
-1.96982773912757
-1.97221373701093
-1.97572389564216
-1.98029784185982
-1.98554013216106
-1.99193698629844
-1.99902421689026
-2.00677204321547
-2.01512567020561
-2.02399288179241
-2.0333018764397
-2.04299786605036
-2.05292253815427
-2.06340142633304
-2.07443256587117
-2.08579732495964
-2.09796419509966
-2.11123141060474
-2.12624895450946
-2.14353327890913
-2.16416710220036
-2.18913902723946
-2.22048475521104
-2.26067176614458
-2.31305254792876
-2.38304232967899
-2.48022524453661
-2.62102840998317
-2.84290001400411
-3.26457168587383
-5.45485800530875
-4.75498543983609
-3.89009004863176
-3.47144580940688
-3.19822149226085
-2.99791622951268
-2.84153423006184
-2.71454747892655
-2.60864246194493
-2.51862061565423
-2.44101568732268
-2.37337016855037
-2.3139185095641
-2.26175135546104
-2.21515111260905
-2.17368137789148
-2.13670981800338
-2.10373660784308
-2.07437121684732
-2.04825293173764
-2.02477270967138
-2.00427874215004
-1.98620954277296
-1.9703668333881
-1.95664437775731
-1.94490177910958
-1.93501401587361
-1.92685089612392
-1.92024354086004
-1.91544512200642
-1.91190556674299
-1.90983144507057
-1.90890867932899
-1.90927015917689
-1.91076591914572
-1.91332593992807
-1.91664856474135
-1.92113336970988
-1.92629831241163
-1.93217478463027
-1.93867951137426
-1.94573531672181
-1.95327222531729
-1.96123409363113
-1.96966573792237
-1.97845389665879
-1.98758895765605
-1.99722551792196
-2.00753196680167
-2.01878739510048
-2.03128793145163
-2.04577827874267
-2.06275606162
-2.08317926826622
-2.10840970245929
-2.14015874834893
-2.18094559794169
-2.23406349276737
-2.30515626788068
-2.4037463086417
-2.54648014103121
-2.76941678395376
-3.19310609184953
-5.38701864691406
-4.70986930673376
-3.84493136077186
-3.42621248222772
-3.15289265745637
-2.95247539132843
-2.79596707444341
-2.66884085832573
-2.56278382392401
-2.47259763564751
-2.3948150740173
-2.32701954266428
-2.26743168615793
-2.21468025668458
-2.16815169808208
-2.12642376875537
-2.08918002414937
-2.05591257881198
-2.02623755747703
-1.99979883993199
-1.97600842069812
-1.95516176583695
-1.93668943485375
-1.92043409331324
-1.90626997562405
-1.89405435907614
-1.88365974869443
-1.87497090462026
-1.86782821127947
-1.86237155286386
-1.85812370377373
-1.85531330474312
-1.85365257288994
-1.85319561352129
-1.8538196153435
-1.85545458151357
-1.85781041276699
-1.861243308976
-1.86532190043063
-1.87006573383265
-1.87540053771073
-1.88125969552177
-1.8875889565757
-1.89435182042372
-1.90153505287667
-1.90915321770386
-1.91717906105569
-1.92581150670726
-1.93523505066744
-1.94581869164809
-1.95783250180132
-1.97175036975995
-1.9885672873707
-2.00898677539885
-2.03442606384041
-2.06683365742979
-2.10805651169012
-2.16216891303554
-2.23476834923467
-2.33393560995849
-2.47758206115987
-2.70241304543776
-3.13141744534278
-5.32442640941194
-4.66891534299132
-3.80392805755735
-3.38512763380111
-3.11170529607487
-2.91116891996129
-2.75452707042214
-2.62725405689549
-2.52103754723585
-2.43067285910376
-2.35271107546298
-2.2847189420511
-2.22493683006449
-2.17204036450917
-2.12494350215965
-2.08323040061188
-2.04570406905689
-2.01213434183736
-1.98213588629906
-1.95536396502209
-1.93150561023632
-1.91004012319854
-1.8911677258459
-1.87449250570907
-1.85988015204318
-1.84718583620643
-1.8362798560701
-1.82704468817066
-1.81937252307656
-1.81305033800363
-1.80833847848489
-1.80478200625641
-1.8023874695796
-1.80113172111846
-1.80090593599141
-1.80164409211337
-1.80306754622516
-1.80549992125194
-1.80854812911144
-1.81222784411141
-1.81647051683711
-1.82122027652934
-1.82643536172115
-1.83209416072938
-1.83820060933638
-1.84478869625519
-1.85185886278821
-1.85963844236769
-1.8683282494768
-1.87809667358086
-1.88981802675547
-1.90350284095489
-1.92027689457161
-1.94076628979072
-1.9664961876303
-1.99932070762313
-2.04124970539324
-2.09619998390751
-2.16968176808362
-2.27033445413714
-2.41457298418713
-2.64258886731027
-3.07243065116462
-5.25913471271217
-4.63168941873849
-3.76664666137641
-3.34775847112928
-3.07422733015494
-2.87356548345057
-2.71678366443508
-2.58935733379444
-2.48297474037395
-2.39242836341982
-2.31427646238725
-2.2460810488143
-2.18608217188834
-2.13296206052515
-2.08569723645295
-2.04342636530146
-2.00586292048408
-1.97198541089495
-1.94165086942955
-1.91453374107523
-1.89031881327362
-1.86850132963807
-1.84923347017596
-1.8321330780856
-1.81706799784006
-1.80389152153798
-1.79247201066242
-1.78268997920817
-1.77443567119591
-1.76755678259274
-1.76214809986995
-1.7578526014936
-1.75468337949814
-1.75269583339093
-1.75164499396126
-1.75151698769273
-1.75204442829073
-1.75352904726235
-1.7556046143423
-1.75828658813297
-1.76151471651958
-1.76524343747093
-1.76944334183402
-1.77410712876491
-1.77925488791645
-1.78493864367531
-1.79118732083525
-1.79824505211961
-1.80632872826326
-1.81567930660473
-1.82688399162104
-1.84048983627235
-1.85731048046285
-1.8779338823725
-1.90399979050611
-1.93728145305774
-1.98009017427798
-2.03567072988037
-2.11015125015914
-2.2118548517978
-2.35798708753908
-2.58677525643328
-3.0187243194642
-5.21245822900477
-4.59783371384232
-3.73272992951628
-3.31374835613657
-3.04010275198159
-2.83930973102635
-2.68238219092867
-2.55479673908103
-2.4482210401905
-2.35750706946095
-2.27915944034046
-2.21075499200603
-2.15053347649447
-2.0971766745126
-2.04967229586292
-2.00719767851095
-1.96931239725206
-1.93512011890805
-1.9044421127016
-1.87696844546393
-1.85238683706513
-1.83020726568432
-1.8105494710629
-1.7930203573578
-1.77749991488733
-1.76383978658046
-1.75190666910101
-1.74157943191385
-1.7327467416471
-1.72530510205935
-1.71923319340016
-1.71421096345319
-1.7102761020802
-1.70757506575852
-1.70572607535467
-1.70476436774451
-1.70443354324031
-1.70502346457137
-1.70618320830856
-1.70793297400335
-1.71022128362277
-1.71301281198224
-1.71629014327265
-1.7200595369783
-1.72435610509399
-1.72922378027393
-1.73479301149523
-1.74124283719505
-1.74883018066583
-1.75784221386117
-1.76888392162078
-1.78225775604971
-1.79918750358916
-1.8200037394001
-1.8464393733478
-1.88020771648214
-1.92329464381014
-1.98007578046212
-2.0555712790938
-2.15826228997552
-2.30568112803793
-2.53595015561788
-2.96924770489369
-5.16537684738881
-4.56705097734252
-3.70188113472142
-3.28280110723748
-3.0090359465198
-2.80810663629441
-2.65102823623787
-2.52323562508828
-2.41651740484894
-2.32561624181696
-2.24706809185663
-2.17844969643566
-2.11800053943903
-2.06440198639899
-2.0166412002866
-1.97392356315448
-1.9355571418898
-1.90125372664536
-1.87022876522517
-1.84238787886531
-1.81743001851301
-1.79487902186026
-1.77483704278081
-1.75687722682767
-1.74090044995707
-1.72675693656631
-1.71431198766515
-1.70344313965005
-1.69403783869731
-1.68599154329497
-1.67913758294284
-1.67359842207514
-1.66910466553666
-1.66551167223023
-1.66289312288344
-1.66113152682664
-1.65998117003069
-1.65972884654267
-1.66002867611043
-1.66090990738937
-1.66232993412172
-1.66426346996162
-1.66670458116421
-1.66967223251604
-1.6732153697666
-1.67739577716791
-1.68236107346455
-1.68830251660615
-1.69548853320885
-1.7042363204233
-1.71513381703665
-1.728425650333
-1.74550508961869
-1.76656964742105
-1.79352128933761
-1.82767512461742
-1.87152342807643
-1.92899647327199
-2.00547641653768
-2.10914019785828
-2.25779558430665
-2.48951705554339
-2.92481293173009
-5.12311710579867
-4.53909273964126
-3.67385229646907
-3.25466924937565
-2.98077995984811
-2.77970978371099
-2.6223948778702
-2.49449946305966
-2.38760372471184
-2.29651145584194
-2.21775874653786
-2.14892226860392
-2.08824127000393
-2.03439673808972
-1.9863753315114
-1.94338181338327
-1.90478061210836
-1.87015023077586
-1.83877796434518
-1.81055988892361
-1.785216730691
-1.76247061142363
-1.7418646299061
-1.72347355277007
-1.70704097049724
-1.69241591760109
-1.67946256343424
-1.66805741331539
-1.65808703476796
-1.64944622300376
-1.64203655135582
-1.63579969900491
-1.63056244891588
-1.62629215929297
-1.6229339340311
-1.6204072474416
-1.61847678564961
-1.61743335610243
-1.6169279424526
-1.61700013501568
-1.61762201728961
-1.61877212759442
-1.62045736582539
-1.62270849299884
-1.62558708669759
-1.6291718979914
-1.63362328954141
-1.63914367014661
-1.64605633929326
-1.65456255445547
-1.66546330404752
-1.67867016277784
-1.69592503480625
-1.71733500512121
-1.7446233204746
-1.77932736555785
-1.82389737223908
-1.8820830092808
-1.95882635187402
-2.0641399950513
-2.21399271625659
-2.44716095897214
-2.88546310351351
-5.0859726987131
-4.51354372592078
-3.64843523590517
-3.22914508677034
-2.95512758915413
-2.75376813600136
-2.59641265038001
-2.46835074584528
-2.3612743820583
-2.26998777225279
-2.19102716511827
-2.12196919194099
-2.06105289905378
-2.00695893554493
-1.95867350192151
-1.9154007956271
-1.87650458187753
-1.84143780628476
-1.80989283989093
-1.78129162311353
-1.7555547178124
-1.73240617062167
-1.71143076800427
-1.69261758588427
-1.67573108964282
-1.66062776717199
-1.64717091261771
-1.63523629031789
-1.62470991350029
-1.61548627168125
-1.60746695420426
-1.60063481293061
-1.59467842742942
-1.5897293197437
-1.58567201217598
-1.58241571876469
-1.57992947326492
-1.57795982683584
-1.57670233462933
-1.57602679601839
-1.57591305249792
-1.57634978413149
-1.57735381065127
-1.57896676346419
-1.58126166983502
-1.58433289109894
-1.58835043578999
-1.59352671718304
-1.60023792502418
-1.60856429588212
-1.61922500104729
-1.63271449431558
-1.65016283589475
-1.67186329733887
-1.69960198145906
-1.73486401146898
-1.78012949004514
-1.83904043348908
-1.91672178305231
-2.02296873574871
-2.17398867653185
-2.40884352247337
-2.84635072456237
-5.05359829599863
-4.49066454910356
-3.62527362850871
-3.20587495196474
-2.93183777744549
-2.73053112097411
-2.57302008906193
-2.44461603197861
-2.33735653341971
-2.24587297266195
-2.166701779662
-2.097419573793
-2.03626523461638
-1.98191911445949
-1.93336700434324
-1.88981259252651
-1.85061904622882
-1.81526880695866
-1.783405336745
-1.7544227450205
-1.72828440107179
-1.70472661957889
-1.68334613205984
-1.66414937205456
-1.6468120963196
-1.63123506536234
-1.61728094498108
-1.60482503473755
-1.59375309869774
-1.58395965257456
-1.57534665559325
-1.56778902834272
-1.56130726075209
-1.55562363861277
-1.55096035011755
-1.54701036664165
-1.54381600380032
-1.54115982065314
-1.53920173285036
-1.53783505726415
-1.53704705412662
-1.53683611347867
-1.53722826337962
-1.53827509021705
-1.54005993332374
-1.54269115635167
-1.5463463070595
-1.55124663571801
-1.5578048482275
-1.56602131385698
-1.57675972683813
-1.59032057388947
-1.60797837158148
-1.63003375542417
-1.65820648458745
-1.69403103233405
-1.73997444451573
-1.79961834375479
-1.87843977720762
-1.98537952164823
-2.13754351311484
-2.3739839992702
-2.81353397168548
-5.02568664885924
-4.47004559179093
-3.60460729597332
-3.18512371667638
-2.91086563017419
-2.70937215348972
-2.55170521551634
-2.42330246961543
-2.31570488522751
-2.22402233172403
-2.14463846525385
-2.0751299193368
-2.01373544033248
-1.95913512519806
-1.91031440507458
-1.86647651737623
-1.82698409907782
-1.79131899307559
-1.75903353245646
-1.72982007453825
-1.70341832403319
-1.6793004444021
-1.65765421893198
-1.63793565486528
-1.62015187386685
-1.60410687123911
-1.58966291993986
-1.57669511542542
-1.56508925715003
-1.55474019242527
-1.54555057092992
-1.53742998377217
-1.53032609248894
-1.52409704000562
-1.51867664798554
-1.51406910247657
-1.51020675367895
-1.50690907069439
-1.50430008522628
-1.50229634337029
-1.50088693917586
-1.50009514858613
-1.4999398084641
-1.50048680875444
-1.50182872558168
-1.50408623141739
-1.50744300737458
-1.51212800152704
-1.51832369327001
-1.52674483248776
-1.53754462669464
-1.55128355064002
-1.56916819599803
-1.59160205741089
-1.62022367266339
-1.65661336224008
-1.70322280633192
-1.76360351969217
-1.84326267357485
-1.95124041187879
-2.1044538070755
-2.34239702124262
-2.78398151404506
-5.03426344009951
-4.45156369186012
-3.58604798095882
-3.16645335131642
-2.89206243199872
-2.69041881197946
-2.5325490135405
-2.40396438851226
-2.29633243855325
-2.20431455867252
-2.12471647516936
-2.05498006377539
-1.99334396765514
-1.93848806755698
-1.88939748335692
-1.84527506006494
-1.80548297315724
-1.76950254658897
-1.73690586143535
-1.70737032505083
-1.68054548416853
-1.656152081822
-1.63394580247429
-1.6138388590879
-1.59564094257855
-1.57913478053684
-1.56420952122281
-1.55074029977986
-1.53861321399378
-1.52772372123317
-1.51797544943056
-1.50927939647311
-1.50148357576084
-1.49472537472355
-1.4887196157211
-1.48349064639029
-1.47900033526776
-1.47507999593227
-1.47189194647268
-1.46930271737085
-1.46733325529412
-1.46601193578203
-1.46536892458541
-1.46547717630254
-1.46643750270851
-1.46838122290723
-1.4714972127616
-1.47602104547848
-1.48216078507703
-1.49057349336855
-1.5014733966986
-1.51542781740943
-1.53355942892616
-1.55638941408561
-1.58547258042356
-1.62242904567908
-1.66969634191083
-1.73081462744324
-1.81129690433644
-1.92033724239073
-2.0745472709434
-2.31264375966102
-2.75754018963987
-5.01096370069415
-4.43514116068372
-3.56954583030326
-3.14983829261245
-2.87531268034093
-2.67351706625993
-2.5154802315778
-2.38668750410061
-2.27885208930136
-2.18676706003911
-2.10683527950114
-2.03687000167003
-1.9749913797139
-1.91987911251584
-1.87051805388946
-1.8261107127566
-1.78601887082372
-1.74972341261968
-1.71679594695891
-1.68685399279127
-1.65961451505639
-1.63491682810859
-1.61241257729386
-1.59188050132604
-1.57318936520641
-1.55622984416954
-1.54083279017314
-1.52687360386192
-1.51423892193392
-1.50282506312199
-1.49253688933691
-1.48328705550823
-1.47499562906092
-1.46759496735057
-1.46096524421408
-1.45519167998116
-1.45011314856917
-1.44560984100746
-1.44188979797772
-1.43876423966916
-1.43628656711389
-1.43447580990051
-1.43341487350659
-1.43314072969078
-1.43377562597815
-1.43545997345692
-1.43838719517759
-1.44279850909787
-1.44892189585282
-1.45737005352472
-1.46836195493746
-1.48267812420617
-1.5010051206887
-1.52424447864251
-1.55380011852624
-1.59132461182694
-1.63924412595292
-1.700972117898
-1.78239296331468
-1.89244810082114
-2.04786682557526
-2.28724273395362
-2.73408139173366
-4.99110389112709
-4.42069120223395
-3.55501478434832
-3.13519285760985
-2.86053108060989
-2.65858202229596
-2.50037673507104
-2.37140180400162
-2.26335149402425
-2.17104493929516
-2.09101567841852
-2.02071742842303
-1.95859588038043
-1.90322702325176
-1.853595483618
-1.80890348572815
-1.76851248167607
-1.73190299361613
-1.69864624822151
-1.66838367776735
-1.64080452886147
-1.61567092162078
-1.59273637031598
-1.57177105744535
-1.55270055728958
-1.53532015903934
-1.51946172950485
-1.50502491106856
-1.49189709701254
-1.47997569155237
-1.46916701497069
-1.45938559459368
-1.45055383502664
-1.44263637892975
-1.43550124824456
-1.42910465263167
-1.4234771799498
-1.41843425410633
-1.41422197522374
-1.41060692274097
-1.40767000691262
-1.40543877460379
-1.40399366009106
-1.40338921149959
-1.40375022912105
-1.40522481326766
-1.40801045289841
-1.41238307684257
-1.41849669980178
-1.42701869745376
-1.43811567044049
-1.45274008797793
-1.47138085991282
-1.49503996345602
-1.52507763356043
-1.56322840422625
-1.61173934353359
-1.67413675425862
-1.75635874027979
-1.8668343263922
-2.02386323072334
-2.26472362411467
-2.71349790818805
-4.97452084175341
-4.40814319963429
-3.54238457097942
-3.12244713383212
-2.84764809362041
-2.64554452771141
-2.48716977245589
-2.35801168542088
-2.24976525148768
-2.15723575391953
-2.07696976380639
-2.00654585441605
-1.94409141735522
-1.88846624235248
-1.83856476810815
-1.79358897731424
-1.75290004984516
-1.71597821713451
-1.68239440953854
-1.65178977198861
-1.62382324474818
-1.59835243958259
-1.5750239096131
-1.55369537536925
-1.53418938451165
-1.51634899367074
-1.50004044023386
-1.48513912232315
-1.47153338418888
-1.45912191253726
-1.44781267980461
-1.43752226789941
-1.42817556496271
-1.41966845206502
-1.41205679814496
-1.40517611301374
-1.39903833174975
-1.39363483503054
-1.38883107685249
-1.3847711582104
-1.38142129040609
-1.37881672331208
-1.37700552332209
-1.37614995120031
-1.37628454391339
-1.37759478526648
-1.38028183332574
-1.38464845372351
-1.39079312272599
-1.39942286765103
-1.4108911353477
-1.42560692919304
-1.44458233895523
-1.46866995485928
-1.4991981669156
-1.53796451656201
-1.58707668138694
-1.65057033052627
-1.73310743334326
-1.84469568579552
-2.00268312157172
-2.24499528432684
-2.69570153851501
-4.96108187433005
-4.3974408259471
-3.53159917994868
-3.11154544810727
-2.83660840130808
-2.63434963632506
-2.47580478571786
-2.34646299492033
-2.23801998789423
-2.14528145211025
-2.06478359834179
-1.99411009587103
-1.93150377948524
-1.87554545371295
-1.82537507362304
-1.78011690202703
-1.73913189329528
-1.70190005071901
-1.66799208649405
-1.63704895149328
-1.60876675638242
-1.58292465105698
-1.55918035237132
-1.53745522161656
-1.51754962065513
-1.49922774224405
-1.48252669139479
-1.4671747374856
-1.4531069525856
-1.4402234759522
-1.42843409600362
-1.41765759962514
-1.40782148449685
-1.39886204084741
-1.39073313516915
-1.38333276841671
-1.37675519130215
-1.37088694905807
-1.36565512436444
-1.36121052750911
-1.35749152895793
-1.3545578984069
-1.35246790042683
-1.3513646194869
-1.35131660331149
-1.35250426255227
-1.35513742887161
-1.35952235273218
-1.36573579859788
-1.3745035368929
-1.38613907905477
-1.40114798143012
-1.42052360245084
-1.44501944497098
-1.47607428356649
-1.51544233538184
-1.56517022756522
-1.62932292789833
-1.71308119981411
-1.82528524670161
-1.98424924665609
-2.22798402369828
-2.68062130309299
-4.95068283052533
-4.38854093105201
-3.52261573329259
-3.1024452248529
-2.82736975656793
-2.62495545258895
-2.46624025189213
-2.33671460194146
-2.2280749844426
-2.13512751452852
-2.05440861472825
-1.98349387908099
-1.92062705920668
-1.86449248984359
-1.81398868364587
-1.76845001263879
-1.72717130835537
-1.6896323949283
-1.65540383263965
-1.62412646114828
-1.59549633605832
-1.5692766781428
-1.54517316460942
-1.52305960126721
-1.5027404149361
-1.48409819648555
-1.46689084955705
-1.45110279494555
-1.43658944736375
-1.42325254198159
-1.41100381767232
-1.39976438592247
-1.38946445017529
-1.38004338238041
-1.37149371430228
-1.36366316054315
-1.35659817031956
-1.35030562572994
-1.34466769117078
-1.33989093275249
-1.33584435493152
-1.33262337614206
-1.33029475594633
-1.32898758011404
-1.32879826399167
-1.32992031054249
-1.33254099542374
-1.33694823386642
-1.34326486411075
-1.35219786094765
-1.36404897093511
-1.37933836988798
-1.39913576004289
-1.42399774685273
-1.45563637616046
-1.495317084192
-1.54595181269912
-1.6107774567424
-1.69530170944406
-1.80854144059011
-1.96849945616581
-2.21363227235554
-2.66820211787396
-4.94324610628298
-4.38141279847098
-3.51540371339443
-3.09511619180602
-2.81990217222926
-2.61733230850926
-2.45844685180864
-2.3287375625099
-2.21990169649823
-2.12674581869857
-2.04580659132981
-1.9746597055624
-1.91154228042348
-1.85513798328425
-1.80443539799368
-1.75856337907682
-1.71699381864195
-1.67915131045687
-1.64460631199503
-1.61299961920433
-1.58402731736173
-1.55742951778879
-1.53298181021372
-1.51048870467327
-1.48977844150936
-1.47069900140435
-1.45310071937665
-1.436906117214
-1.42196424587614
-1.40819295025265
-1.39550602536832
-1.38382699689714
-1.3730888414286
-1.36323404696704
-1.35421432252839
-1.34599491052077
-1.33854896161213
-1.33187122888763
-1.32598029119601
-1.32079000357841
-1.31645531891964
-1.31298642775741
-1.31045707169894
-1.30904270304502
-1.30869450736226
-1.30979569807543
-1.31241947437546
-1.31672858260705
-1.32333505352048
-1.33245816379394
-1.34457451861314
-1.36034444560306
-1.38036601827961
-1.40585642491197
-1.4378313751069
-1.47812605955593
-1.52936973854662
-1.59488148078868
-1.68018701175394
-1.79441822111765
-1.95538611749442
-2.20189761609465
-2.65840384872878
-4.9387186481199
-4.37605243159789
-3.50995566152546
-3.08954826147308
-2.81419358875631
-2.61146670864543
-2.45242140044529
-2.32250641819541
-2.21348192249164
-2.12012076107813
-2.03895873375083
-1.96757029185389
-1.9042362472889
-1.84756042113938
-1.79657534572307
-1.75046955406417
-1.7086027664847
-1.67045388815084
-1.63559271611605
-1.60365951620425
-1.5743510273671
-1.54742899184231
-1.52259026723636
-1.49974378135555
-1.47865651030136
-1.45917897524837
-1.44118829044005
-1.42457031819083
-1.40921726967105
-1.39503272956337
-1.38193138613642
-1.36983839860782
-1.35868910267743
-1.34842902659984
-1.33901418991099
-1.33043042371955
-1.32264053221473
-1.3155735791643
-1.30934074530103
-1.30392546249924
-1.29926167632888
-1.29560943352545
-1.29293999773384
-1.29134623676408
-1.29095515584853
-1.29206356794324
-1.29470239902386
-1.29918294504157
-1.30595027840088
-1.31531344157404
-1.32764022328604
-1.34369248157224
-1.36425334807339
-1.3900316310303
-1.42253758532214
-1.46355099147372
-1.51539422235051
-1.58163280312872
-1.6677049387784
-1.78288628799908
-1.94490022289457
-2.19275285269415
-2.65120052898938
-4.93707726586163
-4.37242338138348
-3.50624239659445
-3.08571803277118
-2.81022520749597
-2.60734350099837
-2.44812532764142
-2.31803590781383
-2.20881426044848
-2.11524550060594
-2.0338648954746
-1.9622763365957
-1.89866364506595
-1.84174714535631
-1.79049955296593
-1.74412002638709
-1.70196827193926
-1.66352320503583
-1.62835467452351
-1.59610305746238
-1.56646424790959
-1.53918131250845
-1.51400390113875
-1.49080137061162
-1.46935414281623
-1.44950457288951
-1.43113041068462
-1.41412039517703
-1.39837234664744
-1.3837915974719
-1.37029478795886
-1.35780934614575
-1.34627320197374
-1.33563479918858
-1.32585338100149
-1.31688467938844
-1.30875878222448
-1.30141858325708
-1.29490070407822
-1.28923070637576
-1.28445317569019
-1.28053414833975
-1.2777344957964
-1.27605316987793
-1.27565369002304
-1.27669591374587
-1.27947146947611
-1.28409829811493
-1.29100855730155
-1.30057740109939
-1.31319243207062
-1.32965217057734
-1.35054115332138
-1.37697121363786
-1.40993067817556
-1.45150360659887
-1.50398635452236
-1.57089366666268
-1.65783429836608
-1.77392477014041
-1.93695120013618
-2.18618112227494
-2.646580827413
-4.9399460477615
-4.37054111726936
-3.5042765884126
-3.08363606953648
-2.80800604098681
-2.60497060145742
-2.44558086507579
-2.31531781021965
-2.20590068863235
-2.11212636865346
-2.03053052459881
-1.95870599561131
-1.89486390675334
-1.83770041796044
-1.78619380203189
-1.73954452917184
-1.69711235958678
-1.65837629326369
-1.62290631150424
-1.59034298934548
-1.56038250275495
-1.53276542227437
-1.50727446016473
-1.48368970477172
-1.46189072196823
-1.44168797880157
-1.42294228185085
-1.40558139717103
-1.38943833103905
-1.3744810010096
-1.36061020193534
-1.34775569254543
-1.33585799708816
-1.32486841817893
-1.31474931008441
-1.3054745882299
-1.29703595306399
-1.28939907796461
-1.28264767657242
-1.27675695236918
-1.27179332093062
-1.26774274641705
-1.26484843657654
-1.26311398478687
-1.26270954735546
-1.2638115173489
-1.26663026982554
-1.27147158903468
-1.2785706556663
-1.28837885353206
-1.3013945120872
-1.31814755710507
-1.33946429203731
-1.36630896272274
-1.39997765476066
-1.44206018919518
-1.49516106417596
-1.562832677284
-1.65047041813684
-1.76753013538727
-1.93161292081211
-2.18221653424924
-2.6445877216407
-4.94298299566724
-4.37041967486346
-3.50407262287724
-3.08331712357887
-2.80755122101488
-2.60436353542042
-2.44480318918939
-2.31436810124026
-2.20475794825924
-2.11078122451664
-2.02897462418901
-1.95691933804139
-1.89284763837978
-1.83543947669519
-1.78367787849494
-1.7367634159655
-1.69405597065869
-1.65503470042705
-1.6192697978838
-1.58640212002838
-1.55612821322041
-1.52818912529866
-1.50236193427134
-1.47846242854193
-1.45629540320098
-1.43574949103779
-1.41663814062683
-1.39891468483386
-1.38244333234308
-1.36712961507726
-1.35290657213058
-1.33970641985535
-1.32747231844074
-1.31615839671926
-1.30573002029767
-1.29616428527293
-1.28742728742996
-1.27959899689823
-1.27260625086247
-1.26652840605002
-1.26141121267986
-1.25726001683993
-1.25429551674668
-1.25254572420987
-1.25216568961034
-1.25334069590661
-1.25628816294139
-1.26127047480912
-1.26863048608234
-1.27872639092992
-1.29203637397679
-1.30922108233435
-1.33094116840775
-1.35825795241209
-1.39237864478372
-1.43518981395315
-1.48890833839261
-1.55725333042446
-1.64573670685941
-1.76375131246766
-1.9288588087175
-2.18078566906439
-2.64507582073334
-4.95764742200111
-4.37208467203901
-3.50565649031072
-3.08478757143043
-2.80888752285313
-2.60554948926922
-2.44583124226549
-2.31521453259358
-2.20541571043545
-2.11124033115707
-2.02922161082832
-1.95694629519806
-1.89264404346118
-1.83499533686168
-1.78298335748013
-1.73580884088368
-1.69283185687638
-1.65353179331327
-1.61747913104637
-1.58431509013799
-1.55373667179713
-1.52548548793124
-1.49933930768274
-1.47510559265442
-1.45261047111572
-1.43173048088192
-1.41230228393743
-1.39424322364961
-1.37741240055954
-1.36177738221771
-1.34722442200699
-1.33370226888096
-1.32115684601038
-1.30954513591801
-1.29883545698571
-1.28900794994077
-1.28005525904754
-1.27198448617175
-1.26481088208266
-1.25858076327966
-1.25334253103787
-1.24917235647228
-1.24611351931173
-1.24437842007763
-1.24405069806057
-1.24532497654538
-1.24841988083452
-1.25360051049532
-1.26118634586215
-1.27158380108349
-1.28527779925632
-1.30280618395844
-1.32496653890392
-1.3528275688599
-1.3874903011927
-1.4308338759297
-1.48527326816695
-1.5543323711552
-1.64362140932351
-1.76251967622044
-1.92870778888773
-2.18195229132939
-2.64812756768397
-4.95739703627186
-4.37557392149852
-3.50906640451215
-3.08808603905258
-2.81205399491861
-2.6085679443904
-2.44869112284294
-2.31789741540484
-2.20791254202855
-2.11354727717125
-2.03131858358757
-1.95882457594514
-1.89429602145345
-1.83641145487939
-1.78415427076424
-1.73672542928395
-1.69348525479746
-1.65391343610397
-1.61758081726072
-1.58412905958061
-1.55325569952758
-1.52470299448198
-1.49824948567145
-1.47370354976011
-1.4508984339156
-1.42968788576883
-1.40994584258366
-1.39155886744054
-1.37443125465237
-1.35847741036294
-1.3436161004814
-1.32979622409175
-1.31696475911398
-1.30508168021551
-1.29411828372109
-1.2840576822982
-1.27489548322668
-1.26665172285709
-1.25932173523545
-1.25296220809957
-1.24763502459633
-1.24341121512534
-1.24035413892716
-1.23865206482379
-1.23840713049411
-1.23980572849832
-1.24307129356979
-1.24846958684897
-1.25632281902237
-1.26701972521188
-1.28105590999272
-1.29901419939913
-1.32166684960902
-1.34998197802293
-1.38522764560973
-1.42917748708079
-1.48425358222867
-1.55404181730523
-1.64414559662044
-1.76394967319665
-1.93117337968912
-2.18590116366773
-2.65416349602319
-4.96769870893779
-4.38093833066309
-3.51435370952822
-3.0932643144956
-2.81710287646649
-2.61346717978371
-2.45343632422787
-2.32247077809383
-2.2123079909839
-2.11772978097865
-2.03531601939887
-1.96260989338881
-1.89785984490501
-1.83974468008874
-1.78724806192482
-1.73957123625857
-1.69607484773919
-1.65623895592421
-1.61963484117356
-1.58590468143435
-1.55474662489496
-1.52590365056045
-1.49915514596763
-1.4743104733201
-1.4512040185346
-1.4296904744874
-1.40964636614404
-1.39095877028851
-1.37353269411717
-1.35728506298625
-1.34214542947248
-1.32805229634708
-1.31496242986178
-1.30283462118377
-1.29164492106279
-1.28137945526859
-1.27203672395242
-1.26362846187932
-1.25618079994731
-1.24973419628478
-1.24434987987154
-1.24010353209191
-1.2370947789859
-1.23543095543591
-1.23529260515289
-1.23683955986651
-1.24029810206331
-1.24593450837364
-1.25407125771341
-1.26510111686046
-1.27950610557703
-1.29788693638729
-1.32100308983868
-1.34982563775623
-1.38563668572596
-1.43021648983316
-1.48594727036286
-1.55649839828804
-1.64738211250934
-1.76811302344386
-1.93636927991799
-2.19277842409182
-2.66260613204333
-4.97618881405874
-4.38824313483627
-3.52158411970021
-3.10038859367797
-2.82410084809504
-2.62031244956263
-2.46013462930781
-2.32900400060036
-2.21867391889347
-2.12390766037048
-2.0412858606155
-1.968372590179
-1.90340643990393
-1.84506653821625
-1.79233687266449
-1.74441903575834
-1.7006740577656
-1.66058243790324
-1.62371596432334
-1.58971740448174
-1.55828559113888
-1.52916429613863
-1.50213382112152
-1.47700457625616
-1.45361214117203
-1.43181345105838
-1.4114840749553
-1.3925149073242
-1.37481235314508
-1.35829632108272
-1.34289049325134
-1.32855566945373
-1.31522995973485
-1.30288501440241
-1.29149673676795
-1.28105448068952
-1.27155972210742
-1.26302693180975
-1.25548349447095
-1.24897609452875
-1.24356369124839
-1.23932494801011
-1.23636054716569
-1.2347942002842
-1.23478351304673
-1.23649975426989
-1.24017283712197
-1.24606718051841
-1.25450545585569
-1.26588047299139
-1.28067483453214
-1.2995017600528
-1.3230780987666
-1.35242524252225
-1.38880321511485
-1.43394975846725
-1.49043456353631
-1.56167876558792
-1.653321536905
-1.77515747294252
-1.94442584343266
-2.20170979155368
-2.67404407768524
-4.99780040317362
-4.39756952852038
-3.5308393571527
-3.10954112274535
-2.83313067781658
-2.62924507410923
-2.4688710120521
-2.33758604143547
-2.227048213766
-2.13212861421767
-2.04931415473703
-1.97619930938045
-1.91102305944695
-1.85246490684668
-1.79950922009869
-1.75135799954595
-1.70737272632683
-1.667034407723
-1.62991541005489
-1.5956591612085
-1.56396524833594
-1.53457830299851
-1.50727960288217
-1.48188066100942
-1.45821829636177
-1.43615082853292
-1.41555614960416
-1.39632485745089
-1.37836657842157
-1.36160236451769
-1.34597394719094
-1.33139974390094
-1.31786726917386
-1.30532903024197
-1.29377171502797
-1.28318073377088
-1.27356237615253
-1.26493350233648
-1.25733040008417
-1.2507832119591
-1.24537784631027
-1.24116842452527
-1.23827734409313
-1.23682230596093
-1.23695475574857
-1.23889062886707
-1.24278750826502
-1.24895833818626
-1.25771578574208
-1.26945192918009
-1.28464936890642
-1.30390861746207
-1.32795470621817
-1.35783886775739
-1.39482487029212
-1.44060312870677
-1.4976426449647
-1.56979041408239
-1.66236647688361
-1.78489864032686
-1.95540385262863
-2.21388060301215
-2.68852742155106
-5.02650185012626
-4.40901678399599
-3.5422192746306
-3.12082232372248
-2.84428913565194
-2.64026389260496
-2.47975885538496
-2.34832843977991
-2.23762044878968
-2.14250669084451
-2.0595053678301
-1.98619514236839
-1.92081543222837
-1.86204616446696
-1.80887214556667
-1.76049584547882
-1.71627926195528
-1.67570397895252
-1.63834301104499
-1.60384051644205
-1.57189690447385
-1.54225772998387
-1.514705303787
-1.4890522900193
-1.46513678408751
-1.44282395234596
-1.42197925234704
-1.40250560896111
-1.38431264708182
-1.36732339311345
-1.35147336804804
-1.33669576040425
-1.32299222364762
-1.31029049825705
-1.29858267648932
-1.28787446693684
-1.27816635213839
-1.26946523519383
-1.26182196299493
-1.25526277188695
-1.24988317266638
-1.24574747549611
-1.24295686210273
-1.24164059759202
-1.24195116788431
-1.24407197792365
-1.24822301467141
-1.25473987373481
-1.26381397311823
-1.27592706781956
-1.29154195473179
-1.31126035794327
-1.33583798518379
-1.36623614064873
-1.4038714785483
-1.45023081235967
-1.50797841908564
-1.58065328108684
-1.67430780931124
-1.79797879167508
-1.96946316278881
-2.22931433886921
-2.7049410848253
-5.01376156340514
-4.42270497783296
-3.55584458239436
-3.13435352021921
-2.85767564586853
-2.65354142498001
-2.49290573466323
-2.36129129293952
-2.25045241558788
-2.15516686672204
-2.07198512229948
-1.99848636553075
-1.93291049710056
-1.87393792167183
-1.82055394178137
-1.77196156007207
-1.72752335804355
-1.6867215662405
-1.64912991857366
-1.61439337389168
-1.58221323103037
-1.55233603000492
-1.52454516861029
-1.49865450524701
-1.47450344156766
-1.45196700944769
-1.43089289763112
-1.41119686767168
-1.39279042606462
-1.37559855944724
-1.35955881694776
-1.34462069828745
-1.33076809010972
-1.31790520427223
-1.30608453246525
-1.29527065767439
-1.28549542945537
-1.27675336438641
-1.26909314804734
-1.26256379021712
-1.25724843528122
-1.25318139768593
-1.25053498842102
-1.2493824834585
-1.24989628773413
-1.25226154841518
-1.25669976075865
-1.26347558251997
-1.27290648829526
-1.28550222891353
-1.30149471858861
-1.32168154150713
-1.34676892883482
-1.37773944936003
-1.41588311670935
-1.46296076912538
-1.5214281963343
-1.59491146907368
-1.68904413746028
-1.8137110003284
-1.98646933382348
-2.24797581540721
-2.72661217542033
-5.0513022287491
-4.43877848748445
-3.57186033820336
-3.15028041909583
-2.87354964761791
-2.66923235945927
-2.50841485459265
-2.37671345116942
-2.2657093194497
-2.17025872717869
-2.08690367749704
-2.01322391460843
-1.94745986932495
-1.88829247773191
-1.83470759842007
-1.78590883219777
-1.74125941420743
-1.70024229446144
-1.66243200023341
-1.62747436395715
-1.59507164326023
-1.56497142609494
-1.53695825043555
-1.51084720946737
-1.48647903587884
-1.46374881013343
-1.44246403559281
-1.42256553651616
-1.40396674057337
-1.38659460155552
-1.37038866674578
-1.35530045055074
-1.34129306985115
-1.32836405662291
-1.31643066760685
-1.30555964575245
-1.29572315512936
-1.2869847610073
-1.27934980736739
-1.27283488862653
-1.26762772772816
-1.26369028724953
-1.26115036200655
-1.26021062645348
-1.26094918879197
-1.26357960091213
-1.26832694454271
-1.2754599976638
-1.28529879004237
-1.29822565558381
-1.31466234697978
-1.3353357326126
-1.36094696743754
-1.39247872014421
-1.431093147878
-1.47894496419914
-1.53814778434784
-1.61243912159106
-1.70753703981738
-1.8330101483672
-2.00663449635328
-2.26989687399665
-2.74992296190066
-5.10500268460077
-4.45741047480641
-3.5904404122917
-3.16882669697546
-2.89192591553579
-2.68753743967125
-2.52660554012658
-2.39472225642441
-2.28356909632086
-2.18796090426134
-2.10444035475241
-2.03058779384046
-1.96464423100901
-1.90529118982075
-1.85151514806316
-1.80252037419611
-1.75767083169632
-1.71645026835521
-1.67843408467529
-1.64326906555058
-1.61065850229264
-1.58035109833585
-1.55213258840556
-1.52581934232791
-1.50125344727654
-1.47828357191503
-1.45689343530511
-1.43681193228743
-1.41804140705707
-1.40051082907347
-1.38416175187988
-1.36894766729117
-1.35483362379831
-1.34179607641059
-1.32978895312235
-1.31891382261324
-1.30912138783173
-1.30032400739232
-1.29274568453677
-1.28634991094473
-1.28119345209949
-1.27742339748063
-1.27509068450921
-1.27436145937479
-1.27527004516281
-1.27821647391237
-1.28328469998915
-1.29078660828756
-1.30086760671407
-1.31427157589027
-1.33115717109634
-1.35231054132491
-1.37856529566332
-1.41067588488614
-1.4501624499786
-1.49839510862728
-1.5582588130558
-1.63342738092429
-1.7294489522589
-1.85550123398702
-2.03037049416068
-2.29490954430154
-2.77745013545695
-5.19440379447786
-4.4788086451594
-3.61176850869583
-3.19006382499953
-2.91311906972203
-2.70858012567544
-2.54755413046616
-2.4155387500276
-2.30424439375577
-2.20848674225428
-2.12480917429208
-2.05079267956455
-1.98467889699823
-1.92514999726379
-1.8711931454677
-1.82201335360833
-1.7769753959721
-1.73556390549074
-1.69735524586147
-1.66199724412758
-1.62919431123519
-1.59869634433725
-1.57029034105998
-1.54379399732991
-1.51909037440009
-1.49596023084259
-1.47432203487046
-1.45407545038441
-1.43525582757068
-1.41758739675417
-1.40111701962749
-1.3858001926133
-1.3716038655469
-1.35850627321461
-1.34649698110711
-1.33556622864834
-1.3257597966096
-1.31711147438319
-1.30951553493092
-1.30323936609324
-1.29824149993208
-1.29458589067075
-1.29247840265162
-1.29189643959897
-1.29320556403353
-1.29641180914823
-1.30180366771775
-1.30966750769157
-1.32034944523718
-1.33401930492868
-1.35145560828793
-1.37314682905748
-1.39992899685768
-1.43255577354447
-1.47244136104146
-1.52171411525029
-1.58227758083951
-1.65810267256144
-1.75500926745456
-1.88280929066903
-2.05922877535146
-2.32452851125689
-2.81093322737048
-5.18659664903817
-4.50322266381373
-3.636190471703
-3.21436764523337
-2.93731775224673
-2.73269596295404
-2.57155610634668
-2.43941690883368
-2.32798987887931
-2.23209155601522
-2.14826605630723
-2.07409505668382
-2.00782087987452
-1.94812640885094
-1.89399957183784
-1.84464621015102
-1.79943200350324
-1.75796062001035
-1.71957315228918
-1.68403694369915
-1.6510576406791
-1.62038644361572
-1.59181171098251
-1.56515254552961
-1.5402138346035
-1.51693344707131
-1.4951643844245
-1.47480997074787
-1.45578405982634
-1.43799454140159
-1.42154513305371
-1.40614631362698
-1.39188993322535
-1.37875600645829
-1.36673566174909
-1.35583137832579
-1.34605742788771
-1.33744038171388
-1.33005710647491
-1.32380561513472
-1.31899228270307
-1.31556994799987
-1.31374660210589
-1.3134253946185
-1.31493578060752
-1.31846315917372
-1.32419457911513
-1.33240391331078
-1.34344763452152
-1.35779155763751
-1.37565570807779
-1.39783180145502
-1.42501046730354
-1.45847486383283
-1.49903597262923
-1.54883804400288
-1.60991537767347
-1.68695318807587
-1.78455129082745
-1.91320431862188
-2.09035757340506
-2.35859697591279
-2.84531517634463
-5.23278360708165
-4.53098424596763
-3.66387473308331
-3.24198941714675
-2.9648819938432
-2.76016129309436
-2.59891635078984
-2.46666226957526
-2.35511166671562
-2.25908196217751
-2.17511804310185
-2.10080232026808
-2.03437786018399
-1.97452833179973
-1.92037525322754
-1.87085975374014
-1.82548149391378
-1.78372721353441
-1.74517735220252
-1.70949017302957
-1.67635976704013
-1.64553809725099
-1.61681449503191
-1.59001243219024
-1.56497138516427
-1.54156376039866
-1.51967750600677
-1.4992175490693
-1.48010402034821
-1.4622709024668
-1.44566166546222
-1.43019448321298
-1.41604290095539
-1.40289242098194
-1.39088278356026
-1.38001775541911
-1.37031254738267
-1.36179447882271
-1.35450366459709
-1.34852282618788
-1.34377789414834
-1.34060701564056
-1.33895759269332
-1.33901317595847
-1.34079535606081
-1.3447128117048
-1.35081702117317
-1.35939962997939
-1.37110129737973
-1.38577465947822
-1.40395857115918
-1.4269325688559
-1.45478386613674
-1.48875871580564
-1.52985107519211
-1.58016615810419
-1.64254273689848
-1.72036681033228
-1.8185369862926
-1.94798980237194
-2.1267189859991
-2.39551213747809
-2.88379608499663
-5.28073584689502
-4.56237658230874
-3.69526022336031
-3.27333789825203
-2.99614973581403
-2.79134459481558
-2.63000389846157
-2.49764429748008
-2.38597952419065
-2.28982789939278
-2.20573511675919
-2.13128437245054
-2.06486647586294
-2.00487210014085
-1.95043797156899
-1.90078505690472
-1.85528234036924
-1.8134027099521
-1.77472492359108
-1.73889943745763
-1.70563357049734
-1.67468044371306
-1.64584045930192
-1.61891423990537
-1.5937606445458
-1.57024983725087
-1.54827131394468
-1.52773158700993
-1.50855239505031
-1.49066933570575
-1.47403084521478
-1.45859746785921
-1.44433100210672
-1.43117190075076
-1.41936433195274
-1.40855625033418
-1.39894044357905
-1.390544665088
-1.38340918381574
-1.37758771539021
-1.37316231104655
-1.37010633809387
-1.36877763821537
-1.36912013300268
-1.37131849595663
-1.37557786559746
-1.38208420528339
-1.39108685490492
-1.40322168836329
-1.41835797257855
-1.43732666984923
-1.46080984803952
-1.48928267634629
-1.52365239805462
-1.56563207321218
-1.61714349476122
-1.67942758335826
-1.75803189810438
-1.85761533792226
-1.98797949952401
-2.16805889444241
-2.43760344335182
-2.93323258750995
-5.33178008378292
-4.59790858910925
-3.73078919770148
-3.30882435105755
-3.03157526724404
-2.82669531500271
-2.66526833131765
-2.53281250084206
-2.42104267302382
-2.32477808903019
-2.24072624312016
-2.16614942701952
-2.09945325636292
-2.03936049791073
-1.98483120944889
-1.93507018556683
-1.88944513605064
-1.84744381267326
-1.80864593993072
-1.77270300183047
-1.73932341046062
-1.70826144779268
-1.67933449204964
-1.65231133220649
-1.62706938953703
-1.60348035715864
-1.58143530379778
-1.56084233883117
-1.54162480217536
-1.52371987778429
-1.50707755517052
-1.49165988257577
-1.47744047031281
-1.46440421490944
-1.45251609702054
-1.44197745683142
-1.43246101684883
-1.42420236940229
-1.41724157510454
-1.41160559397225
-1.40744000428887
-1.4047455563505
-1.40357580785467
-1.40431144783139
-1.40688965453613
-1.41162244084545
-1.41852391901197
-1.42797033245451
-1.44061666316233
-1.4562170560564
-1.47573903323409
-1.4998955384192
-1.5285833448345
-1.56387670499105
-1.60659773552955
-1.65852187041031
-1.72232128269136
-1.8011414966237
-1.90188738852192
-2.03344161491866
-2.21554188943912
-2.48780460769316
-2.9807248803794
-5.39498783269987
-4.63813081880814
-3.77100909714202
-3.34901176101632
-3.07171139690397
-2.86676582235973
-2.70526124601324
-2.57271736311409
-2.46102499303968
-2.36465494962543
-2.28033605833486
-2.20569404123678
-2.13893478174693
-2.07874404288205
-2.02411257532967
-1.97424905600529
-1.92852207971025
-1.88642032553975
-1.84752449394658
-1.81148709859751
-1.77801763887027
-1.74694283119759
-1.71790778017984
-1.69081210452852
-1.66550666232468
-1.6418647564792
-1.61977911223506
-1.59915951365655
-1.57993096443595
-1.56203227347127
-1.54541499114944
-1.53004264118937
-1.51589020741622
-1.50294384650338
-1.491200807692
-1.48066954969283
-1.47129762727115
-1.46342222378168
-1.45664009960197
-1.45125367409878
-1.44743069964878
-1.44494499808815
-1.44419562656538
-1.44511109779865
-1.44815960364484
-1.45319504468633
-1.46066212802468
-1.47075758200029
-1.48344238717834
-1.49991136829912
-1.52001003105116
-1.54476724315451
-1.57418669586718
-1.61009321378271
-1.6535154045358
-1.70621326900141
-1.77071580349236
-1.85076434626707
-1.95188179205437
-2.08493800303382
-2.26637380984353
-2.54229573859326
-3.03661639600646
-5.49643943798503
-4.6837229452653
-3.81660866206056
-3.3945878226152
-3.11724427049147
-2.91224018957553
-2.75085279686492
-2.61822641402508
-2.50628706960281
-2.40988445424854
-2.32553054978042
-2.2508111924836
-2.18397258494456
-2.12370133897647
-2.06898905870559
-2.01904529101622
-1.97323952602166
-1.93106137036123
-1.89209248995359
-1.85596306066341
-1.82242840497075
-1.79122415748476
-1.76213259879696
-1.73498660028676
-1.70963932341538
-1.68596582103836
-1.66386064109093
-1.64345983370632
-1.62424565020468
-1.60637928587325
-1.58981400827814
-1.57451492392193
-1.5604584371105
-1.54763194437003
-1.53603374642571
-1.52567316809731
-1.51657088467571
-1.50875946222926
-1.50214275954259
-1.49726806274307
-1.49360695446005
-1.49168269543789
-1.4911636824081
-1.49257980216617
-1.49581808987981
-1.50146056857959
-1.50952092333639
-1.51991178948717
-1.53359946835204
-1.55032414497147
-1.570928680303
-1.59609663604055
-1.62627145122281
-1.66299846179027
-1.70711320633014
-1.76070949475863
-1.82608938665081
-1.90700624074108
-2.01002680861123
-2.14301769359456
-2.32665384588224
-2.60319692756846
-3.09639052407841
-5.60795876381716
-4.73555416901033
-3.86845419461235
-3.44641514942759
-3.16923455367994
-2.96417446983703
-2.80257583596141
-2.66995382004987
-2.55800476038989
-2.46155174724117
-2.37714454331651
-2.30236992670467
-2.23547499840761
-2.17514724769825
-2.1203791496645
-2.07038112534358
-2.02452354910558
-1.98229692740662
-1.94323262928706
-1.90708154563847
-1.87351075690263
-1.84227796098016
-1.8131786388149
-1.78603952117672
-1.76072233993769
-1.73708698752859
-1.71503537109912
-1.69447946699879
-1.67534652045093
-1.6575776375717
-1.64112671856611
-1.62595967543837
-1.61205389271916
-1.59945586684933
-1.58802900523188
-1.57786753954645
-1.56899267092665
-1.56143721727604
-1.55524644065724
-1.5504331768156
-1.54733889018508
-1.54556093873091
-1.54554345145856
-1.5473909756777
-1.55123179647549
-1.55704263643235
-1.56560252058831
-1.57671216771978
-1.59079521951112
-1.607976037173
-1.62949862875834
-1.65532895069089
-1.68670995162901
-1.72364178175219
-1.76851870925365
-1.82275611545573
-1.8894108889248
-1.97134579271958
-2.07456213705399
-2.20996279905159
-2.39437567810387
-2.67143957450613
-3.17259030487712
-5.65962723804316
-4.79473023039386
-3.92786016735671
-3.50581508198875
-3.22847887481103
-3.02346859652209
-2.86187983501523
-2.72923889435146
-2.61726684059027
-2.52078798948618
-2.43635318439996
-2.36155019584233
-2.29462706128755
-2.23427216913789
-2.17947886691964
-2.12945842750529
-2.08358206024777
-2.04122994942569
-2.00219294739593
-1.96603054174113
-1.93245565392209
-1.9012272534384
-1.87214198820689
-1.84502778116965
-1.81973888572391
-1.79617580300319
-1.77419185706951
-1.75371956045625
-1.7346872703294
-1.71703716409147
-1.70072417323906
-1.68571520526055
-1.67198861083731
-1.65953386508251
-1.64835144173388
-1.63845286944038
-1.62991908670041
-1.622643259885
-1.61676465427899
-1.61234126944807
-1.60944582789252
-1.60799964900577
-1.60869749814054
-1.61092791899907
-1.61524099971223
-1.62177502313583
-1.63045595628253
-1.64231485907034
-1.6569894257765
-1.67519990138225
-1.69731546537042
-1.72352914584377
-1.75541966494348
-1.79310636571428
-1.83900835163515
-1.8940793442293
-1.96195726552702
-2.04351936525364
-2.14964347831348
-2.28492135140777
-2.47058918170674
-2.74788593274597
-3.25425803469833
-5.57378277172075
-4.86300388893178
-3.99604053485737
-3.57409482655622
-3.29678751293397
-3.09179706734905
-2.93022199383211
-2.79759062324655
-2.68562559738822
-2.58915255309196
-2.50472349775915
-2.42992725960519
-2.36301285344116
-2.30241720797303
-2.24763684315583
-2.19768178374033
-2.15179642691471
-2.10955106429735
-2.0705305831417
-2.03439184123078
-2.00084883089372
-1.96966160989061
-1.94062792846511
-1.91357682319929
-1.8883636709156
-1.86486634416422
-1.84304848678005
-1.8227044497685
-1.80381801910712
-1.7863321882944
-1.77020262936525
-1.75539693439749
-1.74189411207968
-1.72968430503895
-1.71876870117568
-1.70915961988754
-1.70088076369314
-1.69396763933698
-1.68846817171311
-1.68448928286439
-1.68199040623654
-1.68114561840169
-1.68206034287215
-1.68506366590681
-1.68973868549796
-1.69675650039876
-1.70632097331325
-1.71887177056704
-1.73380609217516
-1.75264406107669
-1.77554171549021
-1.80242904875113
-1.83503956675015
-1.87404154718048
-1.92031149839763
-1.97627680507395
-2.04413921547522
-2.12826982410947
-2.23391366795623
-2.37001508447724
-2.55899601778709
-2.84208538246432
-3.3452198637041
-5.81497439518432
-4.94215719443988
-4.07529193243954
-3.65342023558644
-3.37617483925222
-3.17123937882134
-3.00971545718486
-2.87713361546979
-2.76495448128434
-2.66853049829262
-2.5841532789831
-2.5094096752499
-2.44249960739804
-2.38216054818329
-2.32738698167105
-2.27739228595749
-2.23154990263736
-2.18935352102752
-2.15038902007045
-2.11431425464017
-2.0808442145434
-2.04973995021624
-2.02080019546083
-1.99385495908524
-1.96876058005577
-1.94539588907764
-1.92381666596941
-1.90365593818402
-1.88497130072188
-1.86770611493427
-1.85181624197959
-1.8372693230393
-1.82404434167622
-1.81213143260145
-1.80153190332404
-1.79225843624433
-1.78433544148933
-1.77779953866941
-1.77270016277323
-1.76910031956442
-1.76707756187996
-1.76678647388723
-1.76817921031174
-1.77150532549901
-1.77677438030909
-1.78469406834488
-1.79472554428358
-1.80763464160753
-1.82380391260138
-1.84297873567184
-1.86660354236221
-1.89392889767289
-1.92772492280426
-1.96767403332621
-2.01527069456712
-2.07168692525755
-2.14058653853078
-2.225706237731
-2.33259930446405
-2.47267336793463
-2.66241512879092
-2.94188356422327
-3.45483452041259
-5.95653449923817
-5.03523676767916
-4.16851369696444
-3.74676376301357
-3.46935363478433
-3.26452695115653
-3.10310767851267
-2.97056867516566
-2.8586886411591
-2.76229539420917
-2.6778491538841
-2.60321714189867
-2.53637697515654
-2.47611014104149
-2.42141292594733
-2.37149964834004
-2.32574468410198
-2.28364264663208
-2.24478032170984
-2.20881644473031
-2.17546684968374
-2.14449338528772
-2.11569553044357
-2.08890398317389
-2.06397572037945
-2.04079017435567
-2.01925743595097
-1.99934754782696
-1.98093376058026
-1.96393525360635
-1.94831782688703
-1.93406873649545
-1.92116880633586
-1.90960966626305
-1.8993936095171
-1.89053365323954
-1.88305015904095
-1.87691178696384
-1.87222206310966
-1.86904699180151
-1.86805739401775
-1.86820092871156
-1.87015757829779
-1.87406291387089
-1.88010134200177
-1.88838527494746
-1.89958475265988
-1.9128276546998
-1.9294891312348
-1.94968277058635
-1.97377695997862
-2.00280548175157
-2.03649044558822
-2.07745258142326
-2.12539914563673
-2.18277148341258
-2.25362524851398
-2.33916037587848
-2.44709053119009
-2.58856443751395
-2.77881241116953
-3.06302103346279
-3.57478087623878
-6.0735344144362
-5.14632964671321
-4.27974271650019
-3.85809868341102
-3.58105306408254
-3.37629866655483
-3.21495151782806
-3.08255851534026
-2.97084969634565
-2.87434241728399
-2.79021520968416
-2.71560810942617
-2.64888645323311
-2.58874242769542
-2.53417322238842
-2.48439402581187
-2.43878004251431
-2.39682665995056
-2.35812136606846
-2.32232350644922
-2.28914941206748
-2.25836129546734
-2.22975885080502
-2.20317283622293
-2.17846014127325
-2.15549999166069
-2.13460976405115
-2.11479982082674
-2.09665530191222
-2.07997195628872
-2.06470841130434
-2.05083492520251
-2.03833280863619
-2.02719408100539
-2.01742134716948
-2.0090278867965
-2.00203795448893
-1.99648729562097
-1.99245963059563
-1.98995125959123
-1.98909512112911
-1.98998731663392
-1.99232590985745
-1.99746925720077
-2.00404172380315
-2.01296639293459
-2.02449091827601
-2.03880072807599
-2.05652770386889
-2.07751754636458
-2.10235563539295
-2.1317660994274
-2.16706403621614
-2.20829019098262
-2.25807438543711
-2.3176101510326
-2.38763436110777
-2.47510623319029
-2.58485190152819
-2.72754748398884
-2.91880106680852
-3.20601485232012
-3.7228308950225
-6.3059894070672
-5.2823021127053
-4.41592293549068
-3.99445902624324
-3.71748462468458
-3.5130168086055
-3.35186791727118
-3.21968543534229
-3.10785796810104
-3.01184164097132
-2.9277735889336
-2.85334280156121
-2.78680203609372
-2.72684431108401
-2.67246756561309
-2.62288763760409
-2.57748025440048
-2.53574116521782
-2.49725801774642
-2.46169006964638
-2.42875326895397
-2.39820910558564
-2.36985617560746
-2.34396459996638
-2.31951717014599
-2.29686917257656
-2.27599596891758
-2.25671498352878
-2.23897052155202
-2.22270940933902
-2.20789070271328
-2.19448480817468
-2.18240866091541
-2.17175330536943
-2.16250803543623
-2.15466712645495
-2.14825508425898
-2.14330761175366
-2.13987232495343
-2.13800978777154
-2.13779494139483
-2.13931901955504
-2.14269205032851
-2.14804605055045
-2.15553903396108
-2.16536000891917
-2.17797220345679
-2.19246406029994
-2.21137765483274
-2.23320246766867
-2.2592957435853
-2.28980794038698
-2.32507726090729
-2.36933975560304
-2.41812820550112
-2.47925205608636
-2.55067251750543
-2.63984417664781
-2.74984615154668
-2.89153936779595
-3.08824284874338
-3.37533103353051
-3.88971456124055
-6.23363572956102
-5.45420028277584
-4.58808984322657
-4.16689316069475
-3.89030822595675
-3.68605003504741
-3.52485991411367
-3.39296414111289
-3.28160757983433
-3.18574257432345
-3.10192620706081
-3.02775194903791
-2.96147317480035
-2.90178332474088
-2.84768052233786
-2.79838049392091
-2.75325848531985
-2.7118093063973
-2.67361910803485
-2.63834498618618
-2.60617126143729
-2.57592227273288
-2.54795127610973
-2.52210020277913
-2.4981686563
-2.4760402785973
-2.45573055777381
-2.43697001875654
-2.41977686301188
-2.40375617569714
-2.38947762053044
-2.37662646346731
-2.36519434317523
-2.35517487294707
-2.34657214153371
-2.33940067676257
-2.33368556514457
-2.3294627418827
-2.32677949794276
-2.32569529648174
-2.32628304628536
-2.32863103261636
-2.33284573360592
-2.33905572492834
-2.34741677797853
-2.35811810474167
-2.37110077412846
-2.38728109243238
-2.40665727414921
-2.42962481011609
-2.45684734094402
-2.48807092384805
-2.52566686204778
-2.56940334116915
-2.62089743394465
-2.68298605651413
-2.75645577800753
-2.8460152771949
-2.95820788825547
-3.10516729386912
-3.29913587107758
-3.58921925410936
-4.10381698330753
-6.61750613344235
-5.68298439814323
-4.81737364746639
-4.39629703042376
-4.12007386213303
-3.91607885190478
-3.75547721727913
-3.62380813811305
-3.51280229833389
-3.41729170239897
-3.33383358988201
-3.26002112965156
-3.19410685658276
-3.1347827195999
-3.08104455199654
-3.03210481355802
-2.98784075308274
-2.94673730669316
-2.90897911084314
-2.87424538829863
-2.84218496090751
-2.81256532010756
-2.78519212711679
-2.75990290443311
-2.73645164088334
-2.71489423441518
-2.69505995367305
-2.6768682554435
-2.66025340608206
-2.64516293459048
-2.63155639967971
-2.61940441037802
-2.6086878581146
-2.59958422117474
-2.59181183697385
-2.58551228418668
-2.58071476711336
-2.5765767493052
-2.57487533135013
-2.57481984322564
-2.57644081312424
-2.57972882099944
-2.5844819104853
-2.59156570596508
-2.60204582109965
-2.61375728917125
-2.6281094623827
-2.64540885641194
-2.66602015675001
-2.69036878462716
-2.7171323738372
-2.75036177382551
-2.78926772084993
-2.83389610015458
-2.8873660578422
-2.95152173587717
-3.02634044733343
-3.11730292867692
-3.23119401610276
-3.37762559504295
-3.57736219545694
-3.86884891897439
-4.401510363806
-7.02389949096001
-6.01516791251914
-5.14995978579954
-4.72961626203944
-4.45383701475871
-4.25033196998473
-4.09021617317862
-3.95902749804602
-3.84849390408353
-3.75344319719822
-3.67097796882354
-3.59758931293397
-3.53224566274832
-3.47354276664873
-3.42045839869352
-3.37221335078437
-3.32818919728712
-3.28788874775172
-3.25090831796106
-3.21691791863823
-3.18533181480793
-3.15642997895776
-3.12977859702855
-3.10522389588046
-3.08262761774866
-3.06187364349442
-3.04286484315816
-3.02552053310376
-3.00977438147786
-2.99557263212066
-2.98287253590475
-2.97164089304988
-2.96185262667406
-2.95348933537249
-2.94653782273768
-2.94163122082493
-2.93781965213648
-2.93555421612321
-2.93488624672551
-2.93524882054806
-2.9388754058322
-2.94305565665169
-2.94939701485528
-2.95790155989645
-2.96863626125747
-2.98179319358931
-2.99759991463143
-3.0163258709001
-3.03829196976163
-3.06332542114387
-3.09296504548993
-3.12740879947013
-3.16748989161099
-3.21426861081873
-3.26910504867905
-3.33398184193768
-3.41107400663208
-3.5038886169973
-3.61806523174979
-3.7705458979202
-3.97098394099081
-4.27155581338354
-4.78385010840024
-7.54284467706669
-6.59710865949482
-5.73275151300166
-5.31326189386054
-5.03835434864518
-4.83574872109324
-4.67656986552725
-4.54636699605244
-4.43617922988508
-4.34224738952732
-4.26035972867012
-4.18818586054312
-4.12386286121616
-4.06619588342417
-4.0134227458453
-3.96630397703553
-3.92347405650726
-3.88422886497683
-3.84827123560655
-3.81530601207928
-3.78505442314793
-3.75728347850811
-3.73179740594152
-3.70843096118221
-3.68704406032816
-3.66751731454327
-3.6497481238536
-3.63364702747248
-3.61913402404312
-3.60613457701185
-3.59568652332698
-3.58556324985451
-3.57730610473198
-3.57055305779659
-3.56461484314447
-3.56141129148155
-3.55916025286522
-3.55847764087088
-3.55941068152345
-3.56201847832798
-3.56637228838702
-3.5725552641696
-3.58066114249789
-3.59181495537066
-3.6029385577491
-3.6186407749047
-3.63632263651948
-3.65627877349788
-3.67969565725883
-3.70915369174761
-3.74025811865135
-3.77697596614989
-3.81938536672492
-3.86851604046524
-3.92487415285897
-3.99183524543558
-4.07161934004203
-4.1665978517346
-4.28408279565539
-4.43674373426549
-4.6450594283357
-4.95327624851895
-5.4712253951822
-8.0958084942859
-9.27271368437197
-8.41074134305871
-7.9936729156412
-7.72123514610934
-7.52115443501131
-7.36456070588594
-7.23700779877998
-7.12826854010893
-7.03711165086137
-6.95816961557327
-6.88891391950453
-6.82734798149527
-6.77246962440119
-6.72328095851268
-6.67900168347521
-6.63901095242238
-6.60280727256703
-6.56997999520783
-6.54018841080546
-6.51314587277712
-6.48860719378227
-6.46635803303622
-6.44620525260827
-6.42796733592809
-6.41418016159304
-6.39928765706466
-6.38684196918324
-6.37629876470399
-6.36747018587406
-6.36037200174477
-6.3540863067163
-6.34990478759927
-6.34731934788943
-6.34636250768418
-6.34709609846612
-6.34962342425587
-6.35018918035564
-6.35672543254621
-6.36452244094424
-6.37346569087447
-6.38429665107178
-6.39706825319822
-6.4117733299796
-6.4282521246593
-6.45166503804364
-6.47320203352016
-6.49926735709461
-6.52907421689946
-6.5633523796452
-6.59562388313675
-6.6411637556225
-6.68930958661234
-6.74343718748775
-6.81329702760067
-6.8848532283108
-6.97689799319188
-7.07397355805228
-7.196319279662
-7.3724080159538
-7.58346555441939
-7.88788656957924
-8.43845285137651
-10.822681537577
