-7.83166640374708
-6.99697786522804
-6.58897283572594
-6.31960506114599
-6.11962315126022
-5.96142120290719
-5.83103232806363
-5.72054287585856
-5.62501129147343
-5.53960536663424
-5.46505163138923
-5.39820571302491
-5.3378259570951
-5.28296274191535
-5.2328751604102
-5.18697550132824
-5.14479111573529
-5.10593753887007
-5.07009911984923
-5.03701479211134
-5.00646744632336
-4.97827588090198
-4.95228863227962
-4.92837920050067
-4.90644232825876
-4.88639108864163
-4.86815460440522
-4.85167626947692
-4.83654680120139
-4.82355847784768
-4.8131996391297
-4.80414723386814
-4.79242982560354
-4.78641390581825
-4.78204238774469
-4.77935203838963
-4.77839153853042
-4.77922246333436
-4.78323052213756
-4.78655093697458
-4.79320123267657
-4.80199464736338
-4.81307798194704
-4.82662579465351
-4.84284598311732
-4.86198702872314
-4.88434750208158
-4.91028870126686
-4.94025171788746
-4.97478090101336
-5.01455679711729
-5.0604435256412
-5.11355886977636
-5.17538148874426
-5.24792157666295
-5.33400599259879
-5.43778418528089
-5.56569766725695
-5.72853776200266
-5.94648835425006
-6.26453832910858
-6.82303130223472
-9.39797720078417
-6.94376473909838
-6.11083856715381
-5.70453126197615
-5.43679235497477
-5.23832218191704
-5.08144452661914
-4.95231108168235
-4.84300802228228
-4.74859387029794
-4.6657806779442
-4.59227355420755
-4.52640996844788
-4.46694917873849
-4.41299432209634
-4.36382406073621
-4.31877622733041
-4.27737946927947
-4.23832635091558
-4.20311678702443
-4.1706001664317
-4.14056114705179
-4.11282038890238
-4.0872283685678
-4.06366058942493
-4.04201384577087
-4.02220329615417
-4.00416016877038
-3.98817125904897
-3.97381445138977
-3.96028132488992
-3.94884780830956
-3.93903893869823
-3.93085511175219
-3.92430726460603
-3.91941703431923
-3.91621714437313
-3.91550638585295
-3.91459367041396
-3.91748521159824
-3.92221151830549
-3.92648168393392
-3.93505987448023
-3.94582501024315
-3.95895336272446
-3.97465428298378
-3.99317745253375
-4.01792576071433
-4.04319649565764
-4.0723990361347
-4.10607823113524
-4.14491490371362
-4.19367150495639
-4.24584777890964
-4.30725282396925
-4.37990293122915
-4.46614696093326
-4.57013584294298
-4.69831254917367
-4.86146976817269
-5.07979250831608
-5.39827018448904
-5.95724521928934
-8.51504142543853
-6.48531778627606
-5.65377516435081
-5.24884600736862
-4.98247348674992
-4.78535386957437
-4.629807677253
-4.50198378546169
-4.39396586633671
-4.30081019384829
-4.21922679746466
-4.14691897152074
-4.08222256794861
-4.02389541678345
-3.97098768832703
-3.92275855401288
-3.87862064796912
-3.83816359601276
-3.80097641909098
-3.76670471063592
-3.735088517621
-3.7052194735962
-3.67828005110224
-3.65345025278738
-3.63060569566418
-3.60964343535441
-3.59059045788068
-3.57312537020782
-3.55734272082726
-3.54320053711395
-3.53090269958867
-3.51989197504651
-3.5104824297939
-3.50267339705512
-3.49647508617782
-3.49190870089959
-3.48900678813325
-3.48781383416815
-3.48788333603945
-3.49135397239657
-3.4951329627579
-3.5014961479042
-3.51001197515291
-3.52082864277284
-3.53412243192722
-3.55010327804846
-3.56902200838588
-3.59095983627103
-3.61784736572533
-3.64668710183428
-3.68207376330786
-3.72083141349889
-3.76665226393552
-3.81973542254337
-3.88148976417908
-3.9540358575698
-4.04015790226816
-4.14400681858239
-4.27202542703436
-4.43500604343295
-4.65313292527672
-4.97139398908496
-5.53012823893652
-8.0876452950157
-6.17194027702631
-5.34136253166124
-4.93741670294087
-4.67203996408813
-4.47592479177115
-4.32138860701487
-4.19457751094866
-4.08757259842289
-3.99542770997353
-3.91485056201758
-3.84354224635423
-3.77983651970074
-3.72248922438071
-3.67054865233474
-3.62327220854173
-3.58007087528229
-3.54047106231944
-3.50412846538342
-3.47072460662084
-3.43995575232636
-3.41160487301729
-3.38493686520179
-3.36089340611653
-3.33881062534138
-3.31874663862487
-3.30025063580997
-3.28346688663505
-3.26833981264994
-3.25482705767906
-3.24256264802043
-3.23279567790663
-3.22390207062048
-3.2165919773259
-3.21087385293019
-3.20676754390026
-3.20430458943485
-3.20352877199133
-3.20415528350959
-3.20728010684208
-3.21196446813306
-3.2186539214587
-3.22747298951296
-3.2385701856792
-3.25212232549257
-3.2683400884468
-3.28747524882389
-3.30983017414331
-3.33524823681054
-3.36528946860305
-3.40028961341554
-3.44009650229502
-3.48602946766734
-3.53920919678649
-3.60111723479413
-3.67355246102411
-3.75968722922402
-3.86352721315398
-3.99151492601037
-4.15444216418995
-4.37249229215581
-4.6906515819407
-5.24925544615048
-7.80929336821973
-5.93389122495325
-5.10398512806861
-4.70073767640786
-4.4360807929069
-4.24070388453014
-4.08692193046465
-3.96087884441145
-3.85465365612472
-3.7632982086919
-3.68351826517334
-3.61301299894748
-3.55011428138835
-3.49357610461017
-3.44244494968441
-3.39597645542516
-3.35357988857569
-3.31478000008646
-3.27920260469057
-3.2465712505979
-3.21656683608101
-3.18897075447246
-3.16313953944116
-3.140111697899
-3.11868477579467
-3.09911270483734
-3.08130770055
-3.06519851977819
-3.05072865839236
-3.03784692769038
-3.02648668289337
-3.01654297809941
-3.00879125062129
-3.00201745195905
-2.99682287742168
-2.99322544599005
-2.99125515885987
-2.99095459937058
-2.9920627641609
-2.9956006645408
-3.00070276244395
-3.00778936417864
-3.01698476358974
-3.02843752960996
-3.04232480353418
-3.05885784991418
-3.07828927966268
-3.10092254389492
-3.12671618627
-3.15744435951323
-3.19211788745787
-3.232136820477
-3.27826589575873
-3.33162629155195
-3.393700048146
-3.46613940992628
-3.5523583775563
-3.65625878916982
-3.78428270930992
-3.94892704607088
-4.16703695335918
-4.48523203785655
-5.04384418632676
-7.60128784017842
-5.74259697268624
-4.91316504010095
-4.5104201295977
-4.2462895593161
-4.05146032735503
-3.89824561297679
-3.77278775429413
-3.6671642917925
-3.57642560700265
-3.49727600274058
-3.42741318216831
-3.3651675330347
-3.30929155136332
-3.25883021318512
-3.21303764839663
-3.17132161696625
-3.13320537178661
-3.09832241651787
-3.06636391594718
-3.036815413399
-3.00976227166796
-2.98534900012178
-2.96262996162465
-2.94186647644656
-2.92295063942416
-2.90579344419091
-2.89032249425988
-2.87648020888755
-2.8642152379459
-2.8535131990131
-2.84427780165534
-2.83646103146874
-2.8307432087952
-2.82608006120879
-2.82300396029333
-2.82154308939431
-2.82173855161347
-2.82345791139467
-2.8273315966757
-2.83288216321211
-2.84039940389387
-2.85000719654939
-2.86185400801636
-2.87611717687606
-2.89300845315236
-2.91278121350782
-2.9357399504338
-2.96254290366339
-2.99276538304292
-3.0278209025098
-3.06810359427706
-3.11448132489451
-3.16807566897289
-3.23036909194526
-3.30282283799659
-3.39036650471501
-3.49441837086763
-3.62257063497225
-3.78573668155003
-4.00413580646554
-4.32263006452105
-4.88154917007867
-7.43916042736054
-5.58347002730302
-4.75436856505421
-4.35198114521128
-4.08823140032826
-3.89375784789991
-3.74097548357839
-3.61596881516438
-3.51081438678279
-3.420561596187
-3.34191374495609
-3.27256750321046
-3.21085218779159
-3.15551918463016
-3.10561232205105
-3.06038454805926
-3.01924241121023
-2.98170760690078
-2.94739118427648
-2.9159730049167
-2.8871365898001
-2.86068625383347
-2.83683294712169
-2.8147165129563
-2.79455469744004
-2.77623843245258
-2.7596775631356
-2.74479857172203
-2.73153372392581
-2.71985944842812
-2.70972930059755
-2.70112239806551
-2.69390130544466
-2.68864121656583
-2.68450079501612
-2.68194095863162
-2.68098798488604
-2.68168138122281
-2.68407452327176
-2.68823465472368
-2.69424457618722
-2.70220605936564
-2.71224248367688
-2.72450214195884
-2.73916250921529
-2.75643577155863
-2.77657603386571
-2.79988880465777
-2.82647655179179
-2.85758241640667
-2.8929498329075
-2.93353022622445
-2.98019172472037
-3.0340562202068
-3.09660654622644
-3.17001325256924
-3.25655121517746
-3.36096656067192
-3.48951970338847
-3.65298527399141
-3.87154559740955
-4.19018365465031
-4.74922569949482
-7.30692437653987
-5.44771556805388
-4.61886921891299
-4.21676133405251
-3.95331167422828
-3.75920414561163
-3.60675001887892
-3.48209009954195
-3.37730047785444
-3.28743004293478
-3.20918150884603
-3.14025087315377
-3.07896669803495
-3.02407954004851
-2.97463233274137
-2.9298770736677
-2.88921931461879
-2.85218003857609
-2.81836879207021
-2.78746432462319
-2.75916411895285
-2.73324655055352
-2.70989653821109
-2.68831954154179
-2.66869974038408
-2.65092707231664
-2.63491037023079
-2.62057509861711
-2.6078558401389
-2.59672003480938
-2.58712541359401
-2.57904998726674
-2.57243012746785
-2.56762516739552
-2.56399058457097
-2.56193291826088
-2.56147659102295
-2.56265952040022
-2.56553359276308
-2.57016420649696
-2.5766329137574
-2.58504065228369
-2.59551030291376
-2.6081899794285
-2.62325728443843
-2.64092482846227
-2.66144743074114
-2.68513160036621
-2.71234697606573
-2.74353209976146
-2.77923290946288
-2.82013394539455
-2.86710351682964
-2.9212637698302
-2.98409786208214
-3.05749985982968
-3.14450289467938
-3.24916915212006
-3.37794159634901
-3.54161163167034
-3.76036075188458
-4.07917036293043
-4.63836317013862
-7.196177003451
-5.32993730449073
-4.50130160587172
-4.09940793119138
-3.83619107430537
-3.64233355477465
-3.49014595488862
-3.36576866689208
-3.26127747925768
-3.17172101211031
-3.09380170040731
-3.02521522754768
-2.96428979175674
-2.90977552751716
-2.8607148840832
-2.81635931135277
-2.77611375104484
-2.73949851611333
-2.70612242667068
-2.67566345380359
-2.6478183064198
-2.62237138809634
-2.59947122988358
-2.57837614150722
-2.55924327304607
-2.54196174819434
-2.5264395459349
-2.51260124762996
-2.50038401229033
-2.48974598660909
-2.48064941780609
-2.4730712326647
-2.46699696007661
-2.46227347989036
-2.45948562823455
-2.45791129580511
-2.45793501920439
-2.45970116893546
-2.46293616591937
-2.4680274108161
-2.47494739542023
-2.48379630307674
-2.49469657671186
-2.5077961946286
-2.52327291498942
-2.54133978616799
-2.56225234158837
-2.58631807775208
-2.61390481252014
-2.64544865290554
-2.68149693494018
-2.72273422912777
-2.77002896301751
-2.82450348871624
-2.88764125522446
-2.96145740217866
-3.04855136962116
-3.15347110358612
-3.28248321282153
-3.44637854278405
-3.66533767561137
-3.98434036420432
-4.54370568308421
-7.10165650645341
-5.22645103344024
-4.39794719368445
-3.99622503059548
-3.73320308621466
-3.53954582152606
-3.38757313386493
-3.26342515263759
-3.15917753143505
-3.06987880408274
-2.99223132357398
-2.92393066881198
-2.86330489396036
-2.80910393900772
-2.76037000158588
-2.71635421911759
-2.67646115846168
-2.64021069545053
-2.60721115220873
-2.57713994335351
-2.54968444856884
-2.52465375334415
-2.50215484732001
-2.4814902361069
-2.46279454045362
-2.4459562434112
-2.43088262961744
-2.41750001962055
-2.4057405723234
-2.39556129593261
-2.38692619627894
-2.37981119072887
-2.37420350630908
-2.3699695183562
-2.36760867598329
-2.366496422943
-2.36698068704316
-2.36909652663241
-2.37289247560691
-2.37843042557272
-2.3857898954152
-2.3950704450625
-2.4063941819319
-2.4199090246726
-2.43579293783905
-2.45425943474846
-2.4755647672637
-2.50007723910737
-2.52798035042239
-2.55989017739854
-2.59629483382511
-2.63787886386895
-2.68551076661451
-2.74031306412732
-2.80376947207589
-2.87789548859067
-2.96520081961104
-3.07038896461509
-3.19965632147716
-3.36379309795303
-3.58297888972446
-3.9021917242797
-4.46174696933813
-7.01985241531922
-5.13458457143759
-4.30619833826091
-3.90461173947806
-3.64173328991776
-3.44824285937914
-3.29645203982337
-3.17249409888799
-3.06844907906229
-2.97936556261638
-2.90194596744962
-2.83388592644222
-2.77351351873672
-2.71957866802387
-2.6711235060035
-2.62739904900352
-2.58780968422872
-2.55187504755859
-2.51920316044151
-2.48947107673226
-2.46235271433146
-2.43769087975307
-2.41554984507838
-2.39527020095512
-2.37696726297266
-2.36052903189922
-2.34586224896259
-2.33289710947485
-2.32155438136199
-2.31179730264567
-2.30358894637055
-2.29690432761075
-2.29172979276074
-2.28794758868807
-2.28599592066595
-2.2853233957465
-2.28624719704191
-2.28880116554079
-2.29303199299065
-2.29900028114863
-2.30678482496435
-2.31648472434917
-2.32822187882002
-2.34214424120954
-2.35843004413273
-2.37729329657475
-2.39899096951366
-2.4238316779655
-2.45217197432418
-2.48445131779224
-2.52121749689394
-2.56315498934694
-2.61113233184058
-2.66627218918217
-2.72955850404998
-2.80399111634858
-2.89201865344412
-2.9974865009735
-3.12702111433469
-3.29141199179541
-3.51083767429226
-3.83027439779492
-4.39003375403067
-6.94830833384828
-5.05238162193461
-4.2240950416457
-3.82262384634752
-3.55987306318817
-3.36652153320123
-3.21487831820067
-3.09108453546208
-2.98721177713874
-2.89831149702012
-2.8210862870963
-2.75323195353183
-2.69307672962341
-2.63937066116502
-2.59115596060825
-2.54768367699227
-2.50835817749159
-2.4726990220844
-2.44031409859321
-2.41085775562407
-2.38405688776441
-2.35972289346161
-2.33790144121739
-2.31796675272675
-2.30001722038192
-2.28394050404502
-2.26966149322742
-2.25705766015071
-2.24609670668239
-2.23672805953521
-2.22891400863352
-2.22262879210263
-2.2178579799584
-2.21449120607488
-2.21292939718508
-2.21267393127255
-2.21401563625296
-2.2169872258208
-2.22163360802883
-2.22801449280508
-2.23620817429058
-2.24631347216799
-2.25845221687962
-2.27277249524061
-2.28945287022326
-2.30870787242746
-2.33079518237507
-2.3560211030596
-2.38473789269782
-2.41738751313548
-2.4545175560906
-2.49681240581668
-2.5451406120169
-2.60019717690553
-2.66430913945116
-2.73907693304567
-2.82723464624009
-2.93299548388773
-3.06280660084278
-3.22746152962559
-3.44713769499888
-3.76680948184911
-4.32678464359572
-6.88524046716557
-4.97840390077107
-4.15016193051299
-3.74879355219089
-3.48615588590148
-3.29292675883873
-3.14141496092106
-3.0177602969336
-2.91403923451528
-2.82529843483122
-2.74824230699682
-2.68056691894575
-2.62060075561569
-2.56709409119341
-2.51908933350132
-2.47583768654171
-2.43674362647557
-2.40132677216956
-2.36919501730666
-2.3399803606425
-2.31346289185249
-2.28963864848507
-2.26788594987776
-2.24826120534589
-2.23063039202206
-2.21488095371477
-2.20094124083224
-2.18867942234201
-2.17806853238657
-2.16905738128215
-2.16160763143142
-2.15569287702085
-2.15129802549513
-2.14831424301453
-2.14712235979576
-2.14726143877425
-2.14899932620472
-2.15236762996433
-2.15740972563092
-2.16418481351427
-2.17277091644767
-2.18326675674742
-2.19579423420883
-2.21050166540737
-2.22756799819617
-2.24720829910667
-2.26968093306547
-2.29528647344609
-2.32437687504584
-2.35739543181284
-2.39488952233438
-2.43754341984442
-2.48585636434379
-2.54167975830817
-2.60610176236842
-2.68109228290463
-2.76953609732724
-2.87559400688794
-3.00568868154525
-3.17061546256299
-3.39055060397628
-3.7104665864852
-4.27066726949466
-6.82931454215003
-4.91128451884448
-4.08333311632859
-3.68202304228118
-3.41945151465441
-3.22633134801617
-3.07493874821979
-2.95141061730607
-2.84782293609894
-2.75922485998534
-2.6823192938446
-2.61480258950981
-2.5550038440105
-2.50167363999122
-2.45385466880521
-2.41079838527635
-2.37190947755084
-2.33670773283386
-2.3047761240634
-2.27580239362219
-2.24953816449047
-2.22596229543761
-2.20448014238478
-2.18513482878939
-2.16779228657742
-2.15238144470077
-2.13870772192888
-2.12675898036443
-2.11646950094784
-2.10778765519302
-2.10067463111058
-2.09510351206456
-2.09105865933526
-2.08842911596283
-2.08758713499418
-2.08809869492528
-2.09015526151829
-2.09395542626697
-2.0993733532464
-2.10652410336016
-2.11548565168912
-2.12635679825535
-2.13925964078197
-2.15434280928187
-2.17178567651406
-2.19180384224738
-2.21465580801556
-2.24063357906282
-2.27009316155138
-2.30347768286337
-2.34102062443067
-2.38402589962135
-2.43305553678837
-2.4891628084442
-2.55385205778743
-2.62915863452027
-2.71790937126592
-2.82425272215677
-2.95465334613873
-3.11985803056732
-3.34005893022953
-3.66022657459194
-4.22066087935637
-6.77950825139233
-4.85045786033441
-4.0224041073869
-3.6211989289159
-3.35892545498962
-3.16588575130602
-3.01457781289734
-2.89115187432584
-2.78768770355116
-2.69921945087664
-2.6224505769533
-2.555077590074
-2.49542987470997
-2.44225844175141
-2.39460633222219
-2.35172532547567
-2.31302040256609
-2.27799866807369
-2.24625825654493
-2.2175039385228
-2.19165725384884
-2.16811486624834
-2.14687700349622
-2.12778463486747
-2.11070373908121
-2.09556407297304
-2.08216896152161
-2.07050743228364
-2.06051355203588
-2.05213541942801
-2.04533389297996
-2.04008167326795
-2.03636268959906
-2.03427401509094
-2.03355015310834
-2.03441277018921
-2.03687912127253
-2.04097848632916
-2.04675266244443
-2.05426074585949
-2.06358087163724
-2.07481207609995
-2.08807676610352
-2.10352395031966
-2.12133344674625
-2.14172136466187
-2.16494356966293
-2.1912864262311
-2.22110955321514
-2.2548557697706
-2.29279072506894
-2.33615469520555
-2.38545472880578
-2.4418687259165
-2.50688243004618
-2.58250589689393
-2.67156520575835
-2.77820796520737
-2.90890862226675
-3.07439580559274
-3.29486781835074
-3.61529319706758
-4.17596786916546
-6.73502268276978
-4.79500283999072
-3.96704143673825
-3.5659381922497
-3.30358461908485
-3.11065656773605
-2.95964128328143
-2.83632337417675
-2.73295910924644
-2.64459913600562
-2.56794787019072
-2.50070273700945
-2.4411902467594
-2.38816422106178
-2.34066438348666
-2.29794289292621
-2.25939695519426
-2.22453168091851
-2.19298230696766
-2.16460404635962
-2.13877417612697
-2.11544546727694
-2.09442938537919
-2.07556707316882
-2.0587935450408
-2.04383075837899
-2.03069147676796
-2.01929408641869
-2.00957261220168
-2.0014750300198
-1.99496200193293
-1.99000596535439
-1.98658088049773
-1.98479197742282
-1.98439531326747
-1.98558833056173
-1.98838803054535
-1.9928226662142
-1.99893405737505
-2.00678161520821
-2.01644381893408
-2.02802007652409
-2.04163319200901
-2.05743259467667
-2.07559854459675
-2.09634761301039
-2.11992928222513
-2.14662937463978
-2.1768094507464
-2.21066442961275
-2.24923127123489
-2.2928616666516
-2.34248915874089
-2.39923223199308
-2.46456905997434
-2.54050894567296
-2.6298771504078
-2.73682036472174
-2.86777545361807
-3.03359887149948
-3.25434613352571
-3.57503412298712
-4.13595473835242
-6.69522319899613
-4.74433389315558
-3.91646585499873
-3.51546488503486
-3.25321821916449
-3.06040014041947
-2.90931923403648
-2.78611650377988
-2.68303795577852
-2.59479698870244
-2.51826755139255
-2.45114752930761
-2.39172357568723
-2.33883318346048
-2.29147464881091
-2.24889068940471
-2.21048058377795
-2.17578334799561
-2.14440835793933
-2.11620035749979
-2.09055827288401
-2.06742462124702
-2.04661113981145
-2.02795920861089
-2.01139986901951
-1.99666507855374
-1.98376148580908
-1.97260769524417
-1.96313783911943
-1.95529990267491
-1.9490544706864
-1.94437382672334
-1.94121390736013
-1.93971444520129
-1.93962507193754
-1.94112868770309
-1.94424206177814
-1.94899276816131
-1.95542307010992
-1.96359289779007
-1.97358122931929
-1.98548795133968
-1.99943632566902
-2.015576217475
-2.03408829966753
-2.05518909310427
-2.07911855497703
-2.10616736282565
-2.13647811792279
-2.17092697613674
-2.20976314832157
-2.25372626719502
-2.30368387118646
-2.36075273465449
-2.42641027868092
-2.50266500423032
-2.59234129780254
-2.69958486735728
-2.83083143223253
-2.99686310113054
-3.21798595131519
-3.53894037256672
-4.10011146512411
-6.65959875427902
-4.69796712722341
-3.87019579301385
-3.46929971142254
-3.20716185105129
-3.01445492729118
-2.86348683533706
-2.74039832220846
-2.63726697391374
-2.54914386475569
-2.47289278924598
-2.40589405833779
-2.34663767381931
-2.29380548135253
-2.24656330884346
-2.20410721945279
-2.16584735625165
-2.13130555644124
-2.10024793012654
-2.07204004817285
-2.04657086084937
-2.02361668900593
-2.00298959093611
-1.98447017926576
-1.96816708576768
-1.95364314480101
-1.94095748032852
-1.93002905761722
-1.92079224185138
-1.91319514095442
-1.90719836701347
-1.90277414794004
-1.89986196151201
-1.89863403743401
-1.89883300958244
-1.90057062415627
-1.90403654319932
-1.90908502556791
-1.91581679558167
-1.92429247075262
-1.93459164913966
-1.94681477114429
-1.96108558663213
-1.97755438301664
-1.99640218929709
-2.01784247496329
-2.04210939118406
-2.0693037101644
-2.10017191343574
-2.13489764189389
-2.17405922687776
-2.2183501298138
-2.26863281273895
-2.32602330488787
-2.39199824132031
-2.4685652802075
-2.55854788531061
-2.66609072705613
-2.79762831727802
-2.96394129269313
-3.18537396082626
-3.50659767500637
-4.06802281773936
-6.62746687776935
-4.65549913762101
-3.82782972873201
-3.42704303077632
-3.16501775487927
-2.97242505420857
-2.82157212432938
-2.69859943247674
-2.59558453943183
-2.50757866914588
-2.43128720419632
-2.36440882122382
-2.30527456712931
-2.252637157603
-2.20555873445872
-2.16324005343263
-2.12512157791525
-2.09087221208546
-2.05980844244187
-2.03175586538631
-2.00644744478947
-1.98365988018939
-1.96320559260463
-1.94486561517315
-1.92874178643548
-1.91441372992624
-1.90193039335044
-1.89121121618133
-1.88219089887774
-1.87481776706225
-1.86905255033344
-1.8648675079368
-1.86218814644573
-1.86121468548969
-1.8616840567596
-1.86375318395422
-1.86743830659072
-1.87276727297479
-1.8797840218328
-1.88854998733591
-1.89914547197806
-1.9116715107616
-1.92625233977371
-1.94303862502084
-1.96221166685282
-1.98397801290299
-2.00857198993109
-2.03611577089391
-2.06727105191324
-2.10230497383594
-2.1417889138612
-2.18640103327905
-2.23700306811023
-2.29471028463451
-2.36099850719252
-2.43787451986298
-2.52816082615932
-2.63600101578992
-2.76782834490196
-2.93442192583779
-3.1561635680077
-3.47766578621459
-4.03912061839872
-6.59905168291824
-4.6165912551735
-3.78903047355986
-3.38835917550948
-3.1264518153963
-2.93397798684652
-2.78324417762726
-2.66039055592491
-2.5574946291655
-2.46960773677688
-2.39343550171502
-2.32667693644283
-2.26766349678456
-2.21514836202733
-2.16817671893277
-2.12610982474872
-2.08812593244564
-2.05386795706912
-2.02294637813156
-1.99504023258154
-1.96988289629265
-1.94725147768186
-1.92694308231856
-1.90878521738093
-1.89282876686742
-1.8786836133569
-1.86638897941031
-1.85586486485585
-1.84704638614412
-1.83988216445524
-1.83433312350807
-1.83037163013454
-1.82791229382363
-1.8271771106878
-1.82789996699911
-1.83022593129753
-1.83417114501607
-1.83976437611309
-1.84705062697516
-1.85609223665172
-1.86697025837763
-1.87978632716437
-1.89466513071237
-1.91175763978536
-1.93124469481283
-1.95332352859746
-1.97807869553922
-2.0060932237243
-2.03753211822322
-2.07288017174574
-2.1126785845557
-2.15760482532794
-2.20851990138427
-2.2665383069788
-2.33313504064451
-2.4103159918283
-2.50090267860113
-2.60903758115789
-2.74115266890198
-2.90821194344046
-3.13000862715161
-3.45172735743686
-4.0136057237707
-6.57373956434008
-4.58095607413201
-3.75351328668025
-3.35296460680283
-3.09118175299922
-2.89883275378264
-2.74822337737706
-2.62549347305211
-2.52272046783465
-2.43495578427487
-2.35890525016377
-2.29226817714535
-2.23337639415564
-2.18098351079797
-2.13413518682983
-2.09216331370357
-2.05431024764289
-2.02018566343856
-1.98940044679446
-1.96163405810581
-1.93662030544677
-1.91413672974177
-1.8939728994136
-1.87597924306298
-1.86018000358061
-1.84620659323017
-1.83408885637337
-1.82374741482352
-1.81511786227325
-1.8081491778092
-1.80280254346929
-1.79904680920921
-1.79692789003089
-1.79628797819549
-1.79724846805972
-1.79981532855146
-1.80400495115447
-1.80984734579173
-1.81738866443104
-1.82669219720947
-1.83783975564135
-1.85093354452119
-1.86609863599077
-1.88348620222812
-1.90327342578009
-1.92551527221731
-1.95072986992974
-1.97900123490571
-2.01074359352076
-2.04639680976983
-2.08650143994047
-2.13173427154487
-2.18295558888457
-2.24127911451077
-2.30817901677972
-2.38566028239957
-2.47654343344671
-2.58496982928901
-2.71753017464361
-2.88468286390605
-3.10679105581962
-3.42879213697866
-3.99094311190928
-6.55127757728603
-4.54837105482212
-3.72103674186243
-3.3206188267893
-3.05896807437413
-2.86675093105224
-2.71627242705792
-2.59367206933381
-2.49102717591418
-2.40338921968079
-2.32746419773283
-2.26095168423513
-2.20218384501547
-2.14991468566924
-2.10319030781536
-2.06126550747599
-2.02359646405353
-1.98960225958366
-1.95894953623565
-1.93131818920993
-1.90644247277417
-1.8840926616975
-1.86407440012765
-1.8463531828995
-1.83058626857759
-1.81677513018925
-1.80482417394506
-1.79465468393925
-1.78620277538068
-1.77941783398798
-1.77426135327385
-1.77068289754361
-1.76877136415368
-1.76835168283225
-1.76953504618693
-1.77232794836275
-1.77674748709621
-1.78282508528542
-1.79060808481883
-1.80016073118046
-1.81156556327352
-1.82492529047305
-1.8403652706433
-1.85803377128518
-1.87810960718236
-1.9006554763691
-1.92612217326572
-1.9546816005462
-1.98671760291648
-2.02266678384724
-2.06306907982909
-2.10860061637315
-2.16012096932858
-2.21874310022092
-2.28594035505032
-2.36371682417545
-2.45489204051947
-2.56374336226469
-2.69642763216137
-2.86389259929025
-3.08628851600473
-3.40855543611616
-3.97095828973333
-6.53151462231309
-4.51858562640316
-3.69133199303327
-3.2911173140024
-3.02960704630968
-2.83752964957131
-2.68718938929201
-2.56472540142006
-2.46221486317407
-2.37470926300282
-2.29891473047916
-2.2325310645392
-2.17389073047682
-2.12174809399034
-2.07514966533311
-2.03335068680673
-1.99579352900333
-1.96192842406755
-1.93140607131101
-1.90390680597889
-1.87915776561462
-1.85695475595416
-1.83706768800187
-1.81948622227484
-1.80387067507553
-1.79021391605754
-1.778421202682
-1.76841450362924
-1.76013048550405
-1.75351897769846
-1.74854182871849
-1.74513435425631
-1.74341707923209
-1.74320405506753
-1.74459664744796
-1.74760189616605
-1.75223807091125
-1.75853805591813
-1.76655037846429
-1.77634020259262
-1.78799072640997
-1.80160506509855
-1.81730873369116
-1.8352517857395
-1.85548813254512
-1.87842270475794
-1.90413861925566
-1.93297835713842
-1.96529808837998
-2.00153387118844
-2.04222505330632
-2.0880471255664
-2.13985897966422
-2.19877283843207
-2.26626124735962
-2.34432742379175
-2.43590698097241
-2.54490604040612
-2.67789810795305
-2.84565475005292
-3.06832399645064
-3.39085540079327
-3.95350938672127
-6.51428713520585
-4.49149795620659
-3.66441949279538
-3.26428597406452
-3.00292518242968
-2.81099611354421
-2.66080223274449
-2.53848227032079
-2.43611322673232
-2.34874656834052
-2.27308851819597
-2.20683906043317
-2.14833092060162
-2.09631878664232
-2.04984954189575
-2.00817884260415
-1.97071552674693
-1.93700336534228
-1.90661082579582
-1.87924226373501
-1.85462763538409
-1.83255351879833
-1.81280034564464
-1.79535360407965
-1.77988366094762
-1.76637487534313
-1.75473335221551
-1.74488175242109
-1.73675731194164
-1.73031033105619
-1.72550304848421
-1.7223559658214
-1.72072629035068
-1.72070749277415
-1.72229679168547
-1.72550193518246
-1.73034268377484
-1.73685336438431
-1.74508364174794
-1.75509952226206
-1.76698475958229
-1.78084274440818
-1.79679899286487
-1.81499928707632
-1.8355086219031
-1.85867118700455
-1.88465268950887
-1.91376233763243
-1.94635584218869
-1.98286875721024
-2.02383988001415
-2.06994410299106
-2.12203966887676
-2.18123809744131
-2.24901117172681
-2.32746059008858
-2.41920591627698
-2.52850469034957
-2.66179045505787
-2.8298236511126
-3.0527636790224
-3.37555765263646
-3.93846146641365
-6.49945989014157
-4.46681234076905
-3.639952248578
-3.2400189151664
-2.97877488248508
-2.78700326845594
-2.63696452599376
-2.51479693906884
-2.41257729104211
-2.32535698523229
-2.24984229655715
-2.18373335252364
-2.12536309757909
-2.0734865018078
-2.02715078361152
-1.98561197801049
-1.94827933702804
-1.91469071004869
-1.88442883849834
-1.85718616125975
-1.83270940779747
-1.81075553068112
-1.79114347919939
-1.77382776462741
-1.75849906045765
-1.74513325125048
-1.73363727111965
-1.72393446901279
-1.71596265865541
-1.70967263027808
-1.70501974086776
-1.70203102802823
-1.70058299915244
-1.70074716944702
-1.70252181841042
-1.70591568151951
-1.71095014743757
-1.71766092159877
-1.72609871700014
-1.73633026902753
-1.74843975018295
-1.7625306674906
-1.77872829131435
-1.7970886052754
-1.81792547617833
-1.84132164382896
-1.86755808254666
-1.89692731708284
-1.92978464819708
-1.96656517312081
-2.00780718503217
-2.05418502408803
-2.10655633164025
-2.16603197530216
-2.2341665252149
-2.31279474068531
-2.4048292881594
-2.51442133990179
-2.64798344623835
-2.8162894952083
-3.03949724046069
-3.36255134860516
-3.9257031720082
-6.48692103614391
-4.44458987856483
-3.61789234837392
-3.21806759793626
-2.95702930153979
-2.76542635926956
-2.61555201860194
-2.49354573486929
-2.39148402978182
-2.30441819933616
-2.22905452596012
-2.16309323628056
-2.10486744996925
-2.05313237678409
-2.00693552960939
-1.9655332842511
-1.92833527203822
-1.89487524844526
-1.86474179424692
-1.83763726120797
-1.81329196230347
-1.79146149309388
-1.77206704820101
-1.75480150640339
-1.73961101322586
-1.72638452610701
-1.7150297790167
-1.7054707959286
-1.69764596905656
-1.69150659094066
-1.68699442131226
-1.6841673635158
-1.6828909890177
-1.68322806859742
-1.68517793695498
-1.68875061856455
-1.69396912148608
-1.70087042268709
-1.70950615564837
-1.71994363702436
-1.73226729134942
-1.74658055696886
-1.76300656525795
-1.78160899124993
-1.8026520618354
-1.82628748226648
-1.8527683926112
-1.88238700885436
-1.91549827606275
-1.95253688897857
-1.99404069187111
-2.04068353020603
-2.0933225057065
-2.15313714051492
-2.22145921354869
-2.30036463468381
-2.39268924927967
-2.50255447639559
-2.63638813357353
-2.80496286613179
-3.02843478602063
-3.35174611525734
-3.91514366419547
-6.47657929904021
-4.42461577391245
-3.59802038330481
-3.19844402467916
-2.93762299055752
-2.74616019006978
-2.59645992050606
-2.47462434680268
-2.37272968075075
-2.28582706368106
-2.21062273854045
-2.144816984427
-2.08674305024262
-2.03515634056996
-1.98910461965442
-1.94784456330869
-1.91078614434092
-1.87745442660184
-1.84746453072248
-1.82049432013664
-1.79627833045622
-1.77457963782608
-1.75531420843229
-1.73818555350058
-1.72313152800548
-1.71004199459729
-1.69882544989703
-1.68940657314045
-1.68172432980813
-1.67573052157819
-1.67135899691355
-1.6686849910239
-1.66757150506359
-1.66807266215304
-1.67018889518954
-1.67393174917585
-1.67932573925099
-1.68640896724834
-1.69523382395978
-1.70586802849801
-1.71839606387895
-1.73292109244959
-1.74956185584844
-1.76837999518696
-1.7896353355258
-1.81349963105137
-1.84021477283449
-1.87007272733319
-1.90342814416385
-1.94071537775049
-1.98247188889111
-2.02937109888874
-2.08226964785514
-2.14233314391067
-2.21091956417249
-2.29010889429582
-2.38270093350861
-2.49283354141391
-2.62693354265038
-2.79577235636477
-3.0195044681059
-3.34306967093668
-3.90671025055586
-6.46836162322062
-4.40682393283553
-3.58044799116518
-3.18103412840542
-2.92036373595153
-2.72911349751988
-2.5796007409666
-2.45794568040014
-2.35622761519866
-2.26949748207175
-2.19446143514963
-2.12881975714249
-2.07090577799171
-2.0194750499715
-1.97357554311076
-1.93246418975692
-1.89555126339264
-1.86236350294544
-1.83251167535901
-1.80567958601235
-1.78159076410749
-1.76009461819576
-1.74089833994349
-1.72390662991022
-1.7089885676849
-1.69603485687323
-1.68495471419677
-1.67567344953319
-1.66813059174741
-1.66227447056536
-1.65810227379836
-1.65551955217996
-1.65456144626054
-1.65521909707273
-1.65749415319707
-1.66139975342456
-1.66696175053203
-1.67421918841153
-1.68322502019593
-1.69404716122246
-1.70676993644566
-1.72149556248677
-1.73828932957489
-1.75735302504055
-1.77882161541153
-1.80290473337005
-1.82984412892687
-1.85993158308458
-1.89352151701085
-1.93104801602767
-1.97304823463928
-2.02019525541485
-2.07338904086748
-2.13365096987193
-2.20250870935753
-2.28195746938978
-2.37481024364578
-2.48520407950438
-2.61956483563304
-2.78866273146539
-3.01265065417231
-3.33646600033538
-3.90034657119426
-6.46221137444383
-4.39114184340519
-3.56496955194874
-3.16575714707352
-2.90526789330129
-2.71425784809523
-2.5649025845031
-2.44343816669371
-2.34190665935944
-2.25535874259462
-2.18050043044243
-2.11503195845345
-2.05728668744602
-2.00602026814668
-1.96028082848688
-1.91932551132516
-1.88256569837763
-1.84952534850252
-1.81981921901368
-1.79313006648792
-1.76917648929005
-1.74781509318241
-1.72875947053039
-1.71190596183794
-1.69712455736084
-1.68430673388849
-1.67336238235166
-1.6642174151992
-1.65681191110133
-1.65108504170101
-1.64705422297968
-1.644620920317
-1.64381197230854
-1.64461981977688
-1.64704746495809
-1.65110955536073
-1.65683307507486
-1.66425779502628
-1.67343700787858
-1.68443859553888
-1.69734648941547
-1.71226036903278
-1.72924600921303
-1.74849932600931
-1.77017152233952
-1.79446377059428
-1.82161774557024
-1.85192511255973
-1.88574013916377
-1.92349672329616
-1.96573180385687
-2.01315066139583
-2.06654366389956
-2.12705971440145
-2.19617049788002
-2.27587123445139
-2.36897775978794
-2.47962634528556
-2.61424192001182
-2.7835935423333
-3.00783254518682
-3.33189398289741
-3.89601124224581
-6.45808700542271
-4.37751153063955
-3.55154334060029
-3.15255089245076
-2.89226310037941
-2.70143501140177
-2.55230782800159
-2.43104445015424
-2.32970979280215
-2.24335422602954
-2.16868357107222
-2.10339796401267
-2.04583074470975
-1.99473761124144
-1.94916679946527
-1.90837607101868
-1.87177529617697
-1.83889077597044
-1.80933676115096
-1.7827897963878
-1.75898661951204
-1.73776309376929
-1.71885101679903
-1.70213813164745
-1.68749524357718
-1.67481453342132
-1.66400651856775
-1.65499768350903
-1.64772864009322
-1.64213517087024
-1.63824088715721
-1.63595215257038
-1.6352874540395
-1.63624052662553
-1.63881579747081
-1.64302922877495
-1.6489086972647
-1.65649445789995
-1.66583989648621
-1.67701261270593
-1.69009585141158
-1.7051578261481
-1.72234999889467
-1.74179234560281
-1.76365895966039
-1.7881510459068
-1.81551027439164
-1.84602827117815
-1.88005923440768
-1.9180369684054
-1.96049830263479
-2.00813696140729
-2.06176786415612
-2.12252739295587
-2.1918796498785
-2.27182468573539
-2.36517771652005
-2.47607428265708
-2.61093843140671
-2.78053811386599
-3.00502317329793
-3.32932640383147
-3.89367688604695
-6.45596867192998
-4.36588851840526
-3.54013443695442
-3.1413082967357
-2.88129772815983
-2.69067511899749
-2.54174914121264
-2.42072040026961
-2.31959316856739
-2.23344043432998
-2.15896777234237
-2.09387516579972
-2.03649588044222
-1.98558560903175
-1.94019279940937
-1.89957465440312
-1.86314206000028
-1.83042121398205
-1.80102660339169
-1.77463094986221
-1.75101736192854
-1.72990343642989
-1.71113893425236
-1.69457023111179
-1.68006885274867
-1.66752761506271
-1.6568576132833
-1.64798587158616
-1.64084904213069
-1.63542312941916
-1.6316363952008
-1.62948873372408
-1.62896471588813
-1.63005938421988
-1.63277853689622
-1.63713919210714
-1.64316985270702
-1.65091099123323
-1.66041582118116
-1.67175139657974
-1.68499947863239
-1.70023356872751
-1.71759515454841
-1.73721806187267
-1.75927040048494
-1.78395347693612
-1.81150903261971
-1.84222873884796
-1.87646681916926
-1.91465709208237
-1.95734732497804
-2.00518743626462
-2.05904910589072
-2.12003824826221
-2.18962376780818
-2.26980523535232
-2.36339729948904
-2.47453482516
-2.60964103959537
-2.77948285929097
-3.00420872807213
-3.32874929705709
-3.89332726532339
-6.45581495235896
-4.35623827157895
-3.53071156580587
-3.13215041475061
-2.87233770243142
-2.68194521926674
-2.533267073646
-2.41243634656958
-2.31152651958524
-2.22558694058504
-2.15132273221054
-2.08643357506537
-2.02925254725863
-1.97853155043584
-1.93331767099998
-1.89290463943019
-1.85664501737566
-1.82409377398649
-1.7948650508714
-1.76864206232714
-1.74516276439992
-1.72420914524252
-1.70559910805724
-1.6891826920151
-1.67482304910874
-1.66243343442951
-1.65190636931234
-1.64317246077995
-1.6361755555735
-1.63087138326183
-1.62722659207959
-1.62521807229429
-1.62483253457723
-1.62606640900465
-1.62892618523644
-1.63342871096849
-1.63961390120594
-1.64750585790735
-1.65716226393542
-1.66864840949844
-1.68204468689511
-1.69744867681169
-1.71497781202076
-1.73477277583356
-1.75700185230396
-1.78187141323601
-1.80961411352282
-1.84052721445756
-1.87496411476273
-1.91335864356991
-1.9562475845855
-2.00430354541139
-2.0583822400757
-2.11959241268437
-2.18940283427569
-2.26981263054686
-2.36363590243892
-2.47500507949148
-2.61034881104462
-2.78042500041179
-3.00538943739236
-3.33015419030223
-3.89495555322139
-6.45764193671276
-4.3485296421514
-3.52326793474678
-3.12492515057115
-2.86535601007078
-2.67520477007478
-2.52676458886391
-2.40616790895886
-2.30548773744804
-2.21977305426352
-2.14572869547889
-2.08105412435019
-2.02408211872121
-1.97356180096038
-1.92856975301578
-1.8883230734335
-1.85225266184467
-1.81988450783321
-1.79083313371524
-1.76478211467984
-1.74146975992941
-1.72067841200582
-1.70222633606857
-1.68595659076395
-1.67175798600989
-1.65950962511798
-1.64912508680945
-1.64053381795946
-1.63367879597816
-1.62851524210909
-1.62500967426215
-1.62313925013655
-1.62289137027577
-1.62426356274642
-1.62726357552298
-1.63191149924653
-1.63823244802521
-1.64626885185064
-1.6560723697344
-1.66770870350207
-1.68125865406823
-1.69682021722527
-1.71451126269374
-1.73447295604188
-1.75686973426697
-1.78191164938496
-1.80983441021609
-1.84093154828254
-1.87555739599234
-1.91414577329254
-1.95723337869926
-2.00549282405451
-2.05977958487078
-2.12120216672938
-2.19122902826085
-2.27185889849432
-2.36590538171747
-2.47750204101329
-2.61307692738508
-2.78337542327622
-3.00856886979091
-3.33355662034602
-3.89857488612591
-6.46145450913956
-4.34281891993003
-3.51776110613913
-3.11967084249353
-2.86035450929355
-2.6704544183263
-2.52226260392664
-2.40191073580789
-2.30147123882298
-2.21599263489762
-2.14217939522109
-2.07773069509426
-2.02097648986166
-1.97067547954079
-1.92588495779109
-1.88584367556439
-1.8499721597789
-1.81779667808698
-1.78893201629508
-1.76306201092733
-1.73992523967912
-1.71930432741293
-1.70101788145058
-1.68491410271572
-1.67086593159146
-1.65876785495084
-1.64853281835523
-1.64008933654148
-1.63337981187491
-1.62835926179035
-1.62499438789353
-1.62326293818652
-1.62315331819408
-1.62466430406479
-1.62780496096348
-1.63258684425112
-1.63904847619382
-1.6472261804593
-1.65717301876169
-1.66895515276912
-1.68265385258044
-1.69836760525558
-1.71621481355174
-1.73633724698805
-1.7588900651643
-1.78410050793361
-1.81219461445393
-1.84346768191188
-1.87827413930087
-1.91704766254137
-1.96032544528607
-2.00877970657984
-2.06326586613945
-2.12489224549816
-2.19512704383157
-2.27596864463192
-2.37023020467239
-2.48204471210793
-2.61782293928657
-2.78835961146827
-3.01377110123371
-3.33897309699375
-3.90420757201513
-6.4672748782224
-4.33902272401937
-3.51421995613361
-3.11639087499734
-2.85733680988439
-2.66769794472037
-2.51976505247643
-2.39966892197145
-2.29948130678557
-2.21425019401451
-2.14067962081115
-2.0764682070918
-2.01994901482143
-1.96987598376062
-1.92529823879103
-1.88547286552525
-1.84981077999487
-1.81783840472224
-1.78917068321733
-1.76349162207973
-1.7405399883948
-1.72009862048176
-1.70198196313455
-1.68605114092042
-1.67216406949134
-1.66022544575355
-1.65014720605223
-1.64185721059644
-1.63529757134162
-1.63042339276776
-1.62720185653319
-1.62561160211609
-1.62564227722839
-1.62729395821312
-1.6305596754325
-1.63549033971768
-1.64208991401565
-1.65040678182025
-1.66049412747553
-1.67241861986821
-1.68626205947474
-1.702123503134
-1.72012198702263
-1.74037653708063
-1.7631037126167
-1.78847223435158
-1.81673037098893
-1.84817170235129
-1.88315030629585
-1.92210122236352
-1.96556074692873
-2.01420132866361
-2.06887832751183
-2.13069993670639
-2.20113415047196
-2.28217905968981
-2.37664742476871
-2.48867170830554
-2.62467203841587
-2.7954199651045
-3.02103361782261
-3.34643533700256
-3.9118887704426
-6.47513771712004
-4.33720001206906
-3.51266021603828
-3.11510117212429
-2.85631895621111
-2.66695148260202
-2.51928815515735
-2.39945879505394
-2.29953441082661
-2.21456238875292
-2.14124699608296
-2.07728838724794
-2.02100416637732
-1.9711714156456
-1.92682736157213
-1.88722918814117
-1.85178784886672
-1.8200298110857
-1.79157007999956
-1.76609274785498
-1.74333669631605
-1.72308401658801
-1.70516186231183
-1.68939557682274
-1.67568088994156
-1.66391110857192
-1.65399742538712
-1.64586731308149
-1.63946286308343
-1.63473953890349
-1.63166527564751
-1.63021987503024
-1.63039434282164
-1.63219007009053
-1.63559142970974
-1.64065940016713
-1.6473969545661
-1.65585191299135
-1.66607798803293
-1.67814240192811
-1.69212754676747
-1.70813312915118
-1.7262789220226
-1.7466749534825
-1.76955387542551
-1.79507474209658
-1.82349016213483
-1.85509164176557
-1.89023585679274
-1.92935610085965
-1.97298928417071
-2.02180791499161
-2.07666735077074
-2.13867571320804
-2.20930084735627
-2.29054060589211
-2.38520740565153
-2.49743323481807
-2.63363757299712
-2.80456120336085
-3.03039764855744
-3.35605407548974
-3.92166710489338
-6.48509117689927
-4.33737947768045
-3.51311074841473
-3.11583067418945
-2.85732992079503
-2.6682440242159
-2.52086093533863
-2.40130943819301
-2.30165973494183
-2.2169585552058
-2.14391565923234
-2.08019804585014
-2.02418228803924
-1.97460132360323
-1.93050280486655
-1.89114382954844
-1.85593527649867
-1.82440355918614
-1.79616365671573
-1.77089966805531
-1.74835051781482
-1.72828702147974
-1.71056639139052
-1.69498768876554
-1.68145678348866
-1.66986560536043
-1.66012485546249
-1.65216187048926
-1.64591897147864
-1.64135222901247
-1.63843057692425
-1.63713519558435
-1.63745844088419
-1.63940303771528
-1.64294465590579
-1.6481463958304
-1.65502274845975
-1.66361585285499
-1.67397998084053
-1.68618295219773
-1.70030781093053
-1.71645499345161
-1.73470267131871
-1.75527934957264
-1.7783005079541
-1.80396951109982
-1.83253860758838
-1.86429136624999
-1.89959365075209
-1.93887580747572
-1.98267491882283
-2.03166361006327
-2.0866972939324
-2.14888407816258
-2.21969171544358
-2.30111787584797
-2.39597468672122
-2.50839371430746
-2.64479384081286
-2.81593609121644
-3.04196953548124
-3.36779129089726
-3.93360284908806
-6.49719779692928
-4.33960382891964
-3.51561430336055
-3.11862211325582
-2.86041239386377
-2.67161822043439
-2.52452602610429
-2.4052635021887
-2.3058999934003
-2.22149016978922
-2.14872765180045
-2.08527207575602
-2.02952604902055
-1.98020906140666
-1.93636855098409
-1.89726141733018
-1.86229836556849
-1.83100566635221
-1.80299819173941
-1.77795997284935
-1.7556277823742
-1.73580525214297
-1.71825775423692
-1.70288042991344
-1.68954497378432
-1.6781426901634
-1.66858402473441
-1.66079640943668
-1.6547226204696
-1.65031955468157
-1.64755735683248
-1.64641870995026
-1.6468972312122
-1.64894935378625
-1.65267275680348
-1.65801718262284
-1.66503437669042
-1.67376688609848
-1.68426956925719
-1.69661088469551
-1.71087458624664
-1.72716191825634
-1.74554208565425
-1.76626456271001
-1.78942032117544
-1.81523267237118
-1.84394912415879
-1.87584774564421
-1.9113016216151
-1.95073876980668
-1.99469650081039
-2.04384761428112
-2.09904763635041
-2.16140471896631
-2.2323865800949
-2.31399076375947
-2.40902916287943
-2.52163297514702
-2.65822053724078
-2.82955207270031
-3.05573745643648
-3.38177864608058
-3.94774470628265
-6.51153573967109
-4.34393086577976
-3.52022861798943
-3.12353312842705
-2.86562390976032
-2.67713151479541
-2.53034080938402
-2.41137834792812
-2.31232227344361
-2.22821050256658
-2.1556904443621
-2.09255691425264
-2.03709294672498
-1.98805267142157
-1.94448320304805
-1.90564114605337
-1.87093694412119
-1.8398966444287
-1.81213493669754
-1.78733571305204
-1.76521756533476
-1.74563101213249
-1.72830315248989
-1.71314067707807
-1.70001277211383
-1.68881036803956
-1.67944387090719
-1.6718410142909
-1.6659452258921
-1.66171441450065
-1.65912371747098
-1.65814648546974
-1.65878832254243
-1.66099282605276
-1.66486133850016
-1.67035275697319
-1.67751414622126
-1.68638861122553
-1.69703161960499
-1.70951230538991
-1.72391518580779
-1.74034238667328
-1.7588541816864
-1.77971079868206
-1.80300464103949
-1.82896126414627
-1.85781638203385
-1.88986700225642
-1.92545400291457
-1.96503979936785
-2.00914934550803
-2.05845567256584
-2.11381447836757
-2.17633401775017
-2.24748203229017
-2.32925599730273
-2.42446762709378
-2.53724780475868
-2.67401437356031
-2.84552680644072
-3.07192268679061
-3.39812704485258
-3.9643088938786
-6.52820039765527
-4.35043496354939
-3.52702791769342
-3.13063777939299
-2.87303836863014
-2.68485767032909
-2.53837894578729
-2.4197377734085
-2.32099726828772
-2.23712855979277
-2.16496006873882
-2.10212585996717
-2.04695673662631
-1.99820637959669
-1.95492148786786
-1.91635828680954
-1.88192688077919
-1.85115301989166
-1.82365114096524
-1.79909884944825
-1.7772782482209
-1.7578766025343
-1.74078471479286
-1.72585085832612
-1.71294320894217
-1.70195252735646
-1.69278937100735
-1.6853819523051
-1.67967451322702
-1.6756261222692
-1.67320981850813
-1.67241109462977
-1.67322585857391
-1.67559187354088
-1.67960692076097
-1.68525091998976
-1.69256126818589
-1.70158163276393
-1.71236810700562
-1.72499053084055
-1.73953423157847
-1.75603040286648
-1.77474601750518
-1.7957327977314
-1.81916804766446
-1.84525827357589
-1.87425168162878
-1.90644213487868
-1.94216319296953
-1.98189197064624
-2.0261471268001
-2.07560198110325
-2.13111246147272
-2.19378698473654
-2.26509337506149
-2.3470290971174
-2.44240574303956
-2.55535393562606
-2.69229107667623
-2.86397593847536
-3.0905449836792
-3.41688839689718
-3.98325552260581
-6.54727123140692
-4.35920904346026
-3.53610490045191
-3.14002853951335
-2.88274803475136
-2.69488877063179
-2.54874295746248
-2.43043394778143
-2.33193364214739
-2.24844594763466
-2.17659277085807
-2.11407050807497
-2.05920938849867
-2.01076255912417
-1.96777622562797
-1.92950616176982
-1.89536206325898
-1.86486931568593
-1.83764203644283
-1.81333300240319
-1.79178767083958
-1.77264214413237
-1.75580200937652
-1.74111103915104
-1.72843712026355
-1.71767102357063
-1.7087236201405
-1.70152374522017
-1.69601658025634
-1.69216245926897
-1.68993596357049
-1.68932365080952
-1.69032255661213
-1.69285018892664
-1.69702470448129
-1.70282840455403
-1.71029400086032
-1.7194657202298
-1.73040029008021
-1.74316827791248
-1.75785585783377
-1.7744849326695
-1.79334435285242
-1.81445858569334
-1.83803154247605
-1.86425738129929
-1.89338676214513
-1.92571398764752
-1.96156211833838
-2.00142900191393
-2.04582427484449
-2.09542160166951
-2.15107719884836
-2.21389970475066
-2.28535708582065
-2.36744685494374
-2.46298053920829
-2.57608855572758
-2.71318791643672
-2.88503674153926
-3.11177041934435
-3.43829822399587
-4.00482854487849
-6.56900694465129
-4.37036714243775
-3.54757331607316
-3.15181888043174
-2.89486612360642
-2.70734931314802
-2.56155035533466
-2.44347439604307
-2.34538438821659
-2.26222630142607
-2.19070070067785
-2.12850328185051
-2.07396362488341
-2.02583427421475
-1.98316087762602
-1.94519869482177
-1.91135695112901
-1.88116060560923
-1.85420761344339
-1.83026554765438
-1.80891855949695
-1.7900474741816
-1.77347472432815
-1.75904157474117
-1.74661579653266
-1.73608832257698
-1.72737046738788
-1.72039179623898
-1.71509851406689
-1.71145228068261
-1.70942912352431
-1.70901640690665
-1.71012042339879
-1.71290263534798
-1.71725139483277
-1.72322357683537
-1.73085236932622
-1.74018254628821
-1.7512714675852
-1.76419043840974
-1.77902650276879
-1.79579212154975
-1.81479076253249
-1.83604770696755
-1.85975116662184
-1.88611243797727
-1.91537677474052
-1.94783894592899
-1.983855800694
-2.02380825781803
-2.06833899920487
-2.11807350480907
-2.17386833814567
-2.23683241923463
-2.30843391739012
-2.39067045363089
-2.48635354808281
-2.59961346734245
-2.7368668848504
-2.90887131582523
-3.13576111733004
-3.46244371639908
-4.02909735887663
-6.59341494316468
-4.38404753502255
-3.56157129433856
-3.16614660230823
-2.90954402133979
-2.72238556988551
-2.57680731103729
-2.45917077333563
-2.36142255833882
-2.27860578655577
-2.20742019027078
-2.14556070187698
-2.09135619476289
-2.04355855668824
-2.001212824536
-1.96357369056967
-1.93004985491636
-1.90016579318785
-1.87348819919243
-1.84986431834826
-1.82881326033856
-1.81023522756744
-1.79394603904098
-1.77978647687613
-1.76762434290868
-1.75735085262686
-1.7488778581886
-1.7421357221557
-1.73707171272416
-1.73367100787207
-1.73184428176756
-1.7316460685819
-1.73294953409852
-1.73591421697413
-1.74044860928442
-1.74659986427142
-1.75440161440205
-1.76389915734834
-1.77515047104116
-1.78822759369752
-1.80321844460028
-1.82012582273448
-1.83926317530282
-1.86066398702234
-1.88450615270898
-1.91100424514121
-1.94040403026148
-1.97300076520453
-2.0091517545028
-2.04929332462354
-2.0938771013066
-2.14374440663517
-2.19967342200052
-2.26277340994137
-2.33451280449177
-2.4168893962604
-2.51271475803096
-2.62611906221991
-2.7635186954831
-2.93567061408307
-3.16270818373679
-3.4895370188819
-4.05633146086787
-6.6207262184683
-4.40039140042833
-3.57821326038287
-3.18319709837076
-2.92695941925821
-2.74000303473432
-2.594893261748
-2.47760820257704
-2.38021275578784
-2.29774906073635
-2.22691596838305
-2.16540760403889
-2.11155209321638
-2.06410062584854
-2.02209758538819
-1.98479705163044
-1.95160715124352
-1.92201707968079
-1.89579200297439
-1.87237865601845
-1.85164322263538
-1.83337566324211
-1.81738691975816
-1.80351770118205
-1.79163595667331
-1.78163327088546
-1.7734220895784
-1.76693359741625
-1.76211611891897
-1.75893394095297
-1.75736505523302
-1.75739803058825
-1.75891671081897
-1.76207384409294
-1.76680721775173
-1.77315011863664
-1.78113658011579
-1.79081238669211
-1.80223610448883
-1.81548048173723
-1.83051989147053
-1.84769038290127
-1.86698389116479
-1.88852209718006
-1.91250713769968
-1.93914525468446
-1.96868273897758
-2.00141535210106
-2.03758518540738
-2.07785991408332
-2.12265680053914
-2.17265362470084
-2.22871277276068
-2.29194391167932
-2.36381580382914
-2.4463264731394
-2.54228760714073
-2.65582934265869
-2.79336783277665
-2.96565952089534
-3.19283681903452
-3.51980355786824
-4.08673019628884
-6.65127689988682
-4.41960452468525
-3.59793706052501
-3.20317462883764
-2.9471191155862
-2.76066040607769
-2.61590890839456
-2.49898540998388
-2.40195364255305
-2.31985473224157
-2.24938662079727
-2.18824259999321
-2.13475002033336
-2.08765934452512
-2.04601426976969
-2.00906822635677
-1.97620541693753
-1.94694733654923
-1.92108559871941
-1.89801097645952
-1.87761155375463
-1.85967218163725
-1.84400162641407
-1.83044064189776
-1.8188574090016
-1.80914393192377
-1.80121326580121
-1.79499739796904
-1.79044565393231
-1.78752345569985
-1.78620913279763
-1.78649182540933
-1.78823538839648
-1.7916050528581
-1.79655290340646
-1.80310220331991
-1.81128732962017
-1.82115450104351
-1.83276282355666
-1.84618571032101
-1.86138681165145
-1.87875279867664
-1.89817605953347
-1.9198678614817
-1.94400209921021
-1.97078555205168
-2.00046504198042
-2.03321117381753
-2.06963332119688
-2.11004318646418
-2.15498026471094
-2.20505926468431
-2.26124571463359
-2.3246043686085
-2.39660438334926
-2.47924408310387
-2.57533533604264
-2.68900830588885
-2.82667896877221
-2.99910330346438
-3.22641280579584
-3.55350954778993
-4.12056011905774
-6.68520893475154
-4.44215992308195
-3.62065368834948
-3.22624515123938
-2.97067248169684
-2.78447864945244
-2.64009447166893
-2.52354242530205
-2.42688506138616
-2.34516248235912
-2.27507171089836
-2.21430519393568
-2.16118949264349
-2.11447432399461
-2.07320267541587
-2.03661312058874
-2.00408813253026
-1.97536492483945
-1.94972115352739
-1.92700452245182
-1.90696123468693
-1.88936846358415
-1.8740348363832
-1.86080123954301
-1.84953613634408
-1.84013196337231
-1.83250235960926
-1.82658005045207
-1.82231525786137
-1.81967424872137
-1.81863532974171
-1.81904356261044
-1.82116220346053
-1.82477316447155
-1.82995334940908
-1.8367262107329
-1.84512639637662
-1.85520048859826
-1.86700806339322
-1.88062312799622
-1.89599807553442
-1.91354378783975
-1.93313647007349
-1.95499172990684
-1.97928398321969
-2.00622054012972
-2.03591240300493
-2.06892907999941
-2.10549289580641
-2.14604152237356
-2.19110230110981
-2.24135549322534
-2.29771598102986
-2.36120035238815
-2.43332593925246
-2.51609144012383
-2.61216914455909
-2.72596813708397
-2.86376519260536
-3.03631587886089
-3.26375081644225
-3.59097034391858
-4.15813718977648
-6.72288002534412
-4.46796639074213
-3.64680492419591
-3.25275602470119
-2.99755211311283
-2.81174914453323
-2.66774100273614
-2.55156996859979
-2.45529742067288
-2.37396244573515
-2.30426115330099
-2.2438851477248
-2.19116019833739
-2.14483526826656
-2.10394324430532
-2.06769867762914
-2.0357553667818
-2.0072520551147
-1.98199042644738
-1.95965305783272
-1.93998474501273
-1.92275781244875
-1.90778096628761
-1.89489528216386
-1.88396952171475
-1.87489652876516
-1.86759045915084
-1.86198466664957
-1.8580301162682
-1.85569348626895
-1.8549528378836
-1.85563861341356
-1.85802138187396
-1.86189464468602
-1.86732762976451
-1.87434388874442
-1.88297825050748
-1.89327756977741
-1.90530179851179
-1.91912543799889
-1.93476333624097
-1.95243118470102
-1.9722071176504
-1.99423862244786
-2.01870061349304
-2.04565303808635
-2.07563981912299
-2.10881001910154
-2.14552289863373
-2.18619314545271
-2.23138007942423
-2.28176372630552
-2.33822253774362
-2.4018313795825
-2.47408024618395
-2.55696828475171
-2.65330794869126
-2.7672296724074
-2.90499868849259
-3.0776705328644
-3.30522517473072
-3.6325612505653
-4.19983763760303
-6.76466726727338
-4.49756078598504
-3.67674813878949
-3.28306382124795
-3.02823450668576
-2.84286673628799
-2.69920290996553
-2.58342197184708
-2.48754420789248
-2.40660771320697
-2.33730770398596
-2.27733495666489
-2.22501445742655
-2.17908333919803
-2.13854637441193
-2.10293216532502
-2.07120567090617
-2.04310763443437
-2.01824715937271
-1.99631049074462
-1.97703648245335
-1.96019554761983
-1.94559653904098
-1.93308074645899
-1.92251721141963
-1.91379912246778
-1.90684104485311
-1.90157680732561
-1.89795791288206
-1.89595089731215
-1.89553351414631
-1.89652033908428
-1.89919014882211
-1.90334950340089
-1.90905864438981
-1.9163411168806
-1.92523182209323
-1.93577777396126
-1.94803917978964
-1.96209090300628
-1.97794375245683
-1.99582055173262
-2.01579696046752
-2.03802089603299
-2.06266773729519
-2.08978595994682
-2.11994414828519
-2.15327966896224
-2.19012352041434
-2.23093588904216
-2.27626311917957
-2.32678216317321
-2.38335237382704
-2.4470853110948
-2.51945135558141
-2.60245046549861
-2.6989052569351
-2.81294646859884
-2.950984544805
-3.12377443816562
-3.35128399412344
-3.67873170459471
-4.24611219445639
-6.81102266858122
-4.53138185574764
-3.71092117252176
-3.31760552120915
-3.06315582889528
-2.87817614812384
-2.7349149170128
-2.61953252386411
-2.52405891855405
-2.44353124232999
-2.37464385046545
-2.31508671776698
-2.26316239886337
-2.21760109768283
-2.17774549203135
-2.14233855774518
-2.11103824752709
-2.08336379109673
-2.05892432074298
-2.03740919615329
-2.01854950386478
-2.00211571104231
-1.98791685623061
-1.97579443738836
-1.96561772444075
-1.95728015265715
-1.9506965511952
-1.94580102946932
-1.94254533393471
-1.94089533527825
-1.94082845859194
-1.94214186819973
-1.94512567022619
-1.94959798061252
-1.95560984468882
-1.96318467903781
-1.97235732908969
-1.98317483134511
-1.99569749983748
-2.00995052730741
-2.02609324984636
-2.0442011271849
-2.0643991785046
-2.08683569450107
-2.11151313432022
-2.13898782625643
-2.16933430763456
-2.20282398869802
-2.2398276394151
-2.28079700160108
-2.32627430426032
-2.37693702595139
-2.43364504899588
-2.49751045860668
-2.57000420574146
-2.65312642314694
-2.74969095253748
-2.86382946571452
-3.00195893652232
-3.17485503316544
-3.40263825915337
-3.73019504195727
-4.29750506694034
-6.86249216982855
-4.56997248804047
-3.74986591552886
-3.3569220491349
-3.10285607272673
-2.91826957321302
-2.77542925884552
-2.66043919924328
-2.56537835870535
-2.48526913117272
-2.41680505500161
-2.35763148972516
-2.30609851678609
-2.26127270230383
-2.22160667723482
-2.18664395397541
-2.15578695327708
-2.12855445655406
-2.10455729466146
-2.08348316868418
-2.06505851117762
-2.04905400763508
-2.03527889408152
-2.02357484200443
-2.01381126783003
-2.00588172347469
-1.99970112244844
-1.99520362422039
-1.99234081919232
-1.99107753037115
-1.99139078347854
-1.99305843312261
-1.99638788484883
-2.0012034125994
-2.00754814295077
-2.01544522598267
-2.02492930368242
-2.03604727493051
-2.04885938366942
-2.06339261339273
-2.0798036397308
-2.09816925052449
-2.11861470413118
-2.14128859065434
-2.16617997975242
-2.19387340416916
-2.22441311324313
-2.25808187120652
-2.29526716486108
-2.33640918481822
-2.38205063458846
-2.43286948951353
-2.48972614210609
-2.55373319047533
-2.62636223927131
-2.70961353416658
-2.80630136852162
-2.9205579151022
-3.05880038224296
-3.23178485299059
-3.45964086135538
-3.78728000802746
-4.35486014488183
-6.91974146845824
-4.61401283982627
-3.79426137957549
-3.40169129114614
-3.14801202170876
-2.96382272039394
-2.82138864530241
-2.70681583503684
-2.61217538095309
-2.53248956950808
-2.46438157935029
-2.4056301691629
-2.35489124074383
-2.31022713199292
-2.27101981518425
-2.23651673706099
-2.20611992948145
-2.17934771354696
-2.15581374360602
-2.1352003223288
-2.11723208965922
-2.10167998267549
-2.0883534218495
-2.07709419220235
-2.06777174877628
-2.06027960313753
-2.05453254549394
-2.05046452516713
-2.04802649231297
-2.04718200428515
-2.04790754269358
-2.04995929704978
-2.05367147431372
-2.05886423520172
-2.06557596069262
-2.0738293816658
-2.08365877073512
-2.09511070673273
-2.10821988886383
-2.12309379063217
-2.13980573448886
-2.15846100345569
-2.17918499103384
-2.20192288876806
-2.22726001796969
-2.25520045670217
-2.28594305197363
-2.31982716037769
-2.35721683338654
-2.39855263245788
-2.44437767206496
-2.49537037159121
-2.55239159206265
-2.61655441396382
-2.68933092488785
-2.77272227917487
-2.86954294330925
-2.98392328448263
-3.12228360953217
-3.2953791236828
-3.52333905150669
-3.85105823851746
-4.41868328498486
-6.98378183279326
-4.66436794123096
-3.84497123039629
-3.45277555652002
-3.1994846415855
-3.0156952310847
-2.87367117497782
-2.75952359863395
-2.66524374182519
-2.58592207524211
-2.51827568230956
-2.46038331677798
-2.40976551351362
-2.36557043750652
-2.32683501213836
-2.29280638309083
-2.26288619857391
-2.23659254190638
-2.21354167731612
-2.1934089133404
-2.17591904634936
-2.16084327697976
-2.14799117648264
-2.13720456330267
-2.12835280343456
-2.12132919142106
-2.11604816665655
-2.11244318684983
-2.11046403295477
-2.11007293461698
-2.11124560386898
-2.11371360423818
-2.11785173729691
-2.1234598857353
-2.13057717348245
-2.13922574769452
-2.14943933038363
-2.16126397894186
-2.17473927063798
-2.18996437209569
-2.20701582036994
-2.22599882504842
-2.24703878559095
-2.27006430020563
-2.29569466266519
-2.32389288437302
-2.35489194065078
-2.3890225191462
-2.42664615087727
-2.46820366395708
-2.51423849030589
-2.56542941122901
-2.62263768610643
-2.68697681997302
-2.75991933802006
-2.84346682799667
-2.94043416222411
-3.05495401159784
-3.1934406727591
-3.36665526363901
-3.59472505945568
-3.92254387283879
-4.4902552495033
-7.05539770421254
-4.72215807679322
-3.90311407184582
-3.51129176534097
-3.25838917177261
-3.07500067458207
-2.93338876621212
-2.81966363938816
-2.72566309852819
-2.64728413928849
-2.5800911180405
-2.52226331425523
-2.47212003576291
-2.42840429705627
-2.39015283127678
-2.35661250461106
-2.32718459751876
-2.30138815342786
-2.2788383327495
-2.25920619409595
-2.24221694474465
-2.22764204420149
-2.21529116609967
-2.20500606925541
-2.19665589160637
-2.19013352401309
-2.18535281864413
-2.18224642769704
-2.18076251118922
-2.1808619606347
-2.18251944511112
-2.18543811470955
-2.1900523235993
-2.19611855000723
-2.20368489036568
-2.21277273676208
-2.22341506938666
-2.23565094515087
-2.24954558437559
-2.26516751121608
-2.28260400071398
-2.30196002542001
-2.32311910107586
-2.34671635811519
-2.37268365005811
-2.40117857567874
-2.43247774369753
-2.46689438904064
-2.50479010318426
-2.54660583959381
-2.5928852167772
-2.64430725869246
-2.70173351639906
-2.7662778262173
-2.8394130716512
-2.92314120881348
-3.02027746494554
-3.13495481848063
-3.27359108181031
-3.44694234542083
-3.67512937202517
-4.00305789634736
-4.57086329237786
-7.13606950724928
-4.78886638072297
-3.9701709029713
-3.57871876722169
-3.32620230524019
-3.143213588339
-3.00201381154918
-2.8887123010002
-2.79536359191499
-2.71715560430566
-2.65043031945983
-2.5930769824311
-2.54341492207031
-2.50018708808364
-2.46243005899569
-2.42939045522326
-2.40046922113052
-2.37518709080611
-2.35315534509076
-2.33404340968129
-2.31757692735884
-2.30352760158228
-2.29170515319302
-2.28195118485683
-2.27413446710507
-2.26814730303925
-2.26390272645401
-2.26133223862731
-2.26038211107865
-2.26101183758276
-2.26319476482764
-2.26660067188857
-2.27174867182528
-2.27832058021344
-2.28638487685462
-2.29596202847643
-2.3070840806247
-2.3197951725048
-2.33415092707647
-2.35022300374429
-2.36809816702652
-2.38788095757005
-2.40943269023021
-2.43343264403523
-2.45978881250225
-2.48863600401124
-2.52028656600206
-2.55503945469315
-2.59325612798564
-2.63537747819306
-2.68194713317883
-2.73364419328586
-2.79133034755094
-2.85611962389977
-2.92948513973182
-3.01342911130721
-3.11076702930526
-3.22563210496887
-3.36444229995451
-3.53795368065055
-3.76629432444982
-4.09434433899128
-4.66225991774273
-7.22754326355046
-4.86651001610857
-4.04815608980047
-3.65706810431427
-3.40493274104436
-3.2223398180166
-3.08154930305187
-2.96866973301496
-2.87575507021132
-2.79794697144264
-2.73168969601981
-2.67481300417896
-2.62563628874429
-2.5829024808151
-2.54564805318289
-2.51311943157007
-2.48480393378459
-2.45996413342904
-2.43846614640544
-2.41989293141171
-2.40397058427651
-2.39047103578309
-2.37920400233966
-2.37001084260377
-2.362759834018
-2.3573425263724
-2.35367092716088
-2.35167505363866
-2.35129920119514
-2.35250136025928
-2.35525328908465
-2.35918470768328
-2.36493245473515
-2.37206285252008
-2.3806798564102
-2.39080285030823
-2.40246276318148
-2.41570942430916
-2.43058739942399
-2.44717181442521
-2.46554870379626
-2.48582194824761
-2.50782671876227
-2.53229380396718
-2.55909549020781
-2.58837367089457
-2.62043981273084
-2.65559241854132
-2.69419256786617
-2.73668085126991
-2.78360067184754
-2.83563098100441
-2.89363339157168
-2.95872192233557
-3.03236973947298
-3.11657915188248
-3.21416576543246
-3.3292628963539
-3.46828854869283
-3.64199867854844
-3.87052092671834
-4.19874557956823
-4.76680668258934
-7.33219877773706
-4.95792602701164
-4.13990288792279
-3.74916920106109
-3.49740603755032
-3.3152010301585
-3.17481300012769
-3.06234978409701
-2.96986486701385
-2.89246358348092
-2.82667078583502
-2.77026918922608
-2.72157830268435
-2.67934109889979
-2.64259401231773
-2.61058334774604
-2.58271011530363
-2.55849663666437
-2.53754566869127
-2.51952753673041
-2.50416880894221
-2.49124163597321
-2.48055569469919
-2.47195203578258
-2.46529834905499
-2.46048530386006
-2.45736736986248
-2.45604186345706
-2.45628211957323
-2.4581008503846
-2.46146799848635
-2.46596383978181
-2.47238610115962
-2.48013306178189
-2.48936361808027
-2.50009594361703
-2.51236895600425
-2.52621032286252
-2.54168092881865
-2.55884998181964
-2.57780254466073
-2.59864157910185
-2.62117053104961
-2.64618228302955
-2.67351976984196
-2.70330901061838
-2.73587105978886
-2.77150367001809
-2.81056724137316
-2.85350175979859
-2.90085010176391
-2.95329077184608
-3.01167775297974
-3.07713612649057
-3.15114836141947
-3.23569256292939
-3.33359465914931
-3.44898786516728
-3.58829004714534
-3.76225689838579
-3.99101549954706
-4.31945488034585
-4.88770588315849
-7.45324850907958
-5.0672782708642
-4.24956981689282
-3.85917517381872
-3.60776985004652
-3.42593937018938
-3.28594149997738
-3.17406714115079
-3.08217529374518
-3.00482431528843
-2.93948700562661
-2.8835535336047
-2.83534359126877
-2.79360027238762
-2.75736006425861
-2.72586925266774
-2.69852967484952
-2.67486162308094
-2.65446672448574
-2.63701607290756
-2.62223674095555
-2.60990111438919
-2.59981882807313
-2.59183060328647
-2.58580350041104
-2.58162724412025
-2.57922240669243
-2.57848228122942
-2.57938060598699
-2.58186098907618
-2.58589140386421
-2.59145261215216
-2.59808599088642
-2.60659611790574
-2.61650694453618
-2.62791908111963
-2.64087389708794
-2.65539220306649
-2.67153600103899
-2.68937326785586
-2.70898784506638
-2.7304814967716
-2.75361767081587
-2.77926732778792
-2.80723854357958
-2.83770587298665
-2.87081744004206
-2.9070282697652
-2.94665714803442
-2.99013981010437
-3.038018119775
-3.09096962850116
-3.14985469558794
-3.215786237309
-3.29023646874455
-3.37520689243485
-3.4735124338667
-3.58928581500316
-3.72894445333185
-3.90324357171423
-4.13230960758192
-4.46103039549438
-5.02953380260871
-7.59538861626977
-5.20102825325966
-4.38361047490985
-3.99354147053683
-3.74268170757538
-3.56138570298735
-3.4219114588169
-3.30910150386113
-3.21758990537192
-3.14109332255218
-3.07652483577676
-3.02104423626098
-2.97330207541791
-2.93204167204975
-2.89629968648979
-2.86509995430878
-2.83851285369079
-2.81538849588187
-2.79555142545684
-2.77867356690304
-2.76448255581906
-2.75275106751701
-2.74328874449587
-2.73593602256633
-2.73055936962613
-2.72704759416071
-2.72530894713916
-2.72526808160079
-2.72686406549578
-2.7300498391804
-2.73479137337148
-2.74106708208314
-2.74833629409487
-2.75767872282776
-2.7683884735692
-2.780566757705
-2.79427391615889
-2.80955525024837
-2.82646311151791
-2.84506406381036
-2.8654405023382
-2.8876927250216
-2.91194156839252
-2.93823811151758
-2.96681242737548
-2.99788744851149
-3.03172936667076
-3.06865379438892
-3.10897977623924
-3.15314483697539
-3.20168948564905
-3.25528996613473
-3.31480538222525
-3.38134744988755
-3.45638723970593
-3.54192516236044
-3.64077509500126
-3.75706873573967
-3.89722246573397
-4.07199038642249
-4.3014975753816
-4.63062989477191
-5.19951141906614
-7.76559328474243
-5.37069747917368
-4.55367403017851
-4.16399557647557
-3.91146549087553
-3.73046694891578
-3.59131421397435
-3.48011465816732
-3.38892205320085
-3.31276956077674
-3.2484835566156
-3.19342708850464
-3.14612597998401
-3.10532390799638
-3.07005785973613
-3.03976148466744
-3.01327715275962
-2.9906816720468
-2.971391214757
-2.95507862479335
-2.9414722018414
-2.93034502394208
-2.92150686616185
-2.91479801509513
-2.91008449313627
-2.90687119747338
-2.9062147030148
-2.90688879791399
-2.90921441611434
-2.91314296787052
-2.91863856872866
-2.9256774042609
-2.93424735467046
-2.94372088681634
-2.95538199300689
-2.96848493010086
-2.98303811482239
-2.99917483898032
-3.01694605664914
-3.03641683871452
-3.05742511753187
-3.08048378754945
-3.10552575824346
-3.13316409015852
-3.16261228313673
-3.19455749579568
-3.22926418389049
-3.26706093187766
-3.30825148511613
-3.35327155842747
-3.40265984995312
-3.45709079973896
-3.51742172203992
-3.58476256341112
-3.66058264882934
-3.74688066744048
-3.84646879365052
-3.96347702683362
-4.10432002124023
-4.27975005615472
-4.50989014528077
-4.83962348099356
-5.40906967477835
-7.97566453024398
-5.59356187674622
-4.77673155087375
-4.38727713748588
-4.13685843491395
-3.95605580460584
-3.8171251086486
-3.70617313513593
-3.61525332841341
-3.5393986670597
-3.47537273424617
-3.42068756001435
-3.37377644385841
-3.33338358640676
-3.29782055657217
-3.26894165945719
-3.24250905334417
-3.22057863173033
-3.20179893749106
-3.18601944250418
-3.17296927238159
-3.16242210203369
-3.15418806587364
-3.1481075611092
-3.1440464579685
-3.14197964051164
-3.14155166602895
-3.14294672330273
-3.14601447007487
-3.15070518881446
-3.15698154596308
-3.16481791001191
-3.17419992808445
-3.18512433975255
-3.19759901742073
-3.21116876956223
-3.2266481720422
-3.24373018736506
-3.26246456539664
-3.28273722855922
-3.30492821689672
-3.32899965174122
-3.35506726579815
-3.38385538961474
-3.41434457963168
-3.44733831322114
-3.48307814988557
-3.52190810026015
-3.56417340745258
-3.61026900470527
-3.66073142423225
-3.71623287986546
-3.77762840672014
-3.84602562587431
-3.92289149552621
-4.01022229897793
-4.11082776303564
-4.22883538619867
-4.37065724043553
-4.54704287935868
-4.77811230795445
-5.10874507326399
-5.67905534092792
-8.24646273128651
-5.91885313321247
-5.10204359378
-4.71264308853593
-4.46230576273879
-4.28160993237298
-4.14281054090924
-4.03201396687704
-3.94127351948932
-3.86562220542264
-3.80178218026867
-3.74736549222444
-3.70120410072889
-3.6594241398057
-3.62585786422355
-3.59696268073052
-3.57214125708242
-3.54866748823974
-3.53073022008186
-3.51561825678767
-3.50304210654593
-3.49299652226508
-3.48518274469336
-3.4792895807242
-3.47694433584663
-3.47463691011254
-3.47561137711123
-3.4771359960567
-3.48090783914187
-3.4863310971249
-3.49336774780094
-3.50199115731639
-3.51218561410439
-3.52394609776066
-3.53741492495717
-3.55195619304552
-3.56839860245647
-3.58639980106731
-3.60614021051191
-3.62762039248221
-3.65091759514423
-3.67612648507655
-3.70336180031718
-3.73276173044094
-3.76449223656646
-3.79950275166207
-3.83650835146878
-3.8765746142878
-3.92005386432386
-3.96745664459514
-4.01927858529331
-4.0761553032784
-4.13893943959528
-4.20873607249254
-4.28700946979563
-4.37575307608249
-4.47777362619781
-4.59719546067079
-4.74042729920542
-4.91821508814117
-5.1506748340289
-5.48268134897268
-6.05434218708188
-8.62305970811785
-6.48464961315469
-5.66765874813627
-5.2781057181438
-5.02763913252962
-4.84689352946689
-4.70888025709204
-4.59880856160654
-4.50873339643592
-4.43368942417028
-4.36419877858646
-4.31056917755407
-4.26466356658545
-4.22522913359694
-4.19130626232982
-4.1621449066318
-4.13714884794066
-4.1158373944485
-4.09781837462092
-4.0827686661427
-4.07041988548556
-4.06054769450072
-4.05296369543014
-4.04750921375003
-4.04405048243133
-4.0424793485955
-4.04274673956902
-4.04477952355313
-4.05121015325666
-4.05645251965668
-4.06378372497245
-4.0730258453827
-4.0838773343904
-4.0963330370665
-4.10984154503246
-4.12534632921496
-4.14328685228951
-4.16227279768602
-4.18298907960285
-4.20549864547055
-4.22987966076106
-4.25622757272677
-4.28465774628179
-4.31530882688759
-4.34834704349184
-4.38397174755911
-4.42242260491828
-4.46398903624481
-4.50902277358681
-4.55795482209491
-4.61240230041416
-4.67082696992639
-4.73520590925497
-4.80664275009283
-4.88670144290561
-4.97731884712991
-5.08125769941307
-5.20263979333904
-5.34787094512093
-5.5276937689886
-5.76222036563678
-6.09632071880236
-6.67009550709609
-9.24092958207032
-9.04048723977318
-8.222152363462
-7.83125869321268
-7.57944946428048
-7.39729940949514
-7.25706219789772
-7.14484399827104
-7.05269850742037
-6.97565950023078
-6.91041922634796
-6.85466633667761
-6.806724205303
-6.7653397239799
-6.72955324463504
-6.69861495017106
-6.67192911066845
-6.64901578288786
-6.62948380539523
-6.61301133015946
-6.59933151566555
-6.58822183785523
-6.57949599022807
-6.57299767247343
-6.55059769009761
-6.59194862302602
-6.56566605714379
-6.56697473738562
-6.57004639005616
-6.57483306955059
-6.58129884598759
-6.58941904073126
-6.59917971696409
-6.61090582874796
-6.62400067216093
-6.63233992218148
-6.65440631655673
-6.67347929556916
-6.69347260437859
-6.71532183036947
-6.73910885812436
-6.76493293168942
-6.79291328132822
-6.82319247673732
-6.85594071973753
-6.89136137242588
-6.92969813744433
-6.97124448609951
-7.01635620162717
-7.06546832664185
-7.11911847616537
-7.17797958181666
-7.24290700788009
-7.31500828967186
-7.39574985374311
-7.48712696700635
-7.59194780256096
-7.71433769064811
-7.86070579642983
-8.04179780811142
-8.27772846486815
-8.61336959256392
-9.18882179724525
-11.7614595535229
